REP AVG STDV    MIN MAX GRAPH   ORDER   SIZE    AG
100	0.01067	0.00288	0.00724	0.02017	   Digraph	020	180	      bell
100	0.00040	0.00095	0.00030	0.00982	   Digraph	020	180	     fbell	
100	0.00056	0.00003	0.00055	0.00081	   Digraph	020	180	      dijk	
100	0.01129	0.00301	0.00763	0.02065	   Digraph	021	180	      bell	
100	0.00031	0.00001	0.00031	0.00034	   Digraph	021	180	     fbell	
100	0.00064	0.00044	0.00059	0.00502	   Digraph	021	180	      dijk	
100	0.01263	0.00304	0.00804	0.02063	   Digraph	022	180	      bell	
100	0.00037	0.00001	0.00036	0.00042	   Digraph	022	180	     fbell	
100	0.00072	0.00097	0.00061	0.01035	   Digraph	022	180	      dijk	
100	0.01285	0.00266	0.00842	0.01787	   Digraph	023	180	      bell	
100	0.00033	0.00001	0.00032	0.00040	   Digraph	023	180	     fbell	
100	0.00079	0.00096	0.00067	0.01035	   Digraph	023	180	      dijk	
100	0.01303	0.00266	0.00887	0.02194	   Digraph	024	180	      bell	
100	0.00031	0.00001	0.00030	0.00037	   Digraph	024	180	     fbell	
100	0.00070	0.00002	0.00068	0.00079	   Digraph	024	180	      dijk	
100	0.01368	0.00268	0.00928	0.02254	   Digraph	025	180	      bell	
100	0.00040	0.00086	0.00030	0.00892	   Digraph	025	180	     fbell	
100	0.00067	0.00001	0.00066	0.00072	   Digraph	025	180	      dijk	
100	0.01441	0.00271	0.00978	0.02298	   Digraph	026	180	      bell	
100	0.00029	0.00001	0.00028	0.00034	   Digraph	026	180	     fbell	
100	0.00081	0.00044	0.00075	0.00517	   Digraph	026	180	      dijk	
100	0.01489	0.00265	0.01011	0.02435	   Digraph	027	180	      bell	
100	0.00030	0.00001	0.00029	0.00035	   Digraph	027	180	     fbell	
100	0.00089	0.00120	0.00072	0.01206	   Digraph	027	180	      dijk	
100	0.01543	0.00231	0.01059	0.01943	   Digraph	028	180	      bell	
100	0.00030	0.00001	0.00029	0.00035	   Digraph	028	180	     fbell	
100	0.00089	0.00132	0.00073	0.01400	   Digraph	028	180	      dijk	
100	0.01614	0.00266	0.01102	0.02469	   Digraph	029	180	      bell	
100	0.00040	0.00001	0.00039	0.00046	   Digraph	029	180	     fbell	
100	0.00099	0.00122	0.00082	0.01235	   Digraph	029	180	      dijk	
100	0.01679	0.00257	0.01145	0.02524	   Digraph	030	180	      bell	
100	0.00039	0.00001	0.00038	0.00044	   Digraph	030	180	     fbell	
100	0.00078	0.00002	0.00076	0.00084	   Digraph	030	180	      dijk	
100	0.01747	0.00321	0.01195	0.02740	   Digraph	031	180	      bell	
100	0.00031	0.00001	0.00030	0.00037	   Digraph	031	180	     fbell	
100	0.00082	0.00001	0.00081	0.00087	   Digraph	031	180	      dijk	
100	0.01851	0.00239	0.01321	0.02751	   Digraph	032	180	      bell	
100	0.00042	0.00001	0.00040	0.00045	   Digraph	032	180	     fbell	
100	0.00110	0.00146	0.00089	0.01494	   Digraph	032	180	      dijk	
100	0.01888	0.00235	0.01286	0.02742	   Digraph	033	180	      bell	
100	0.00045	0.00081	0.00036	0.00853	   Digraph	033	180	     fbell	
100	0.00091	0.00001	0.00090	0.00097	   Digraph	033	180	      dijk	
100	0.01926	0.00319	0.01320	0.02717	   Digraph	034	180	      bell	
100	0.00046	0.00103	0.00032	0.00978	   Digraph	034	180	     fbell	
100	0.00088	0.00001	0.00087	0.00093	   Digraph	034	180	      dijk	
100	0.02011	0.00219	0.01368	0.02779	   Digraph	035	180	      bell	
100	0.00044	0.00044	0.00038	0.00482	   Digraph	035	180	     fbell	
100	0.00095	0.00002	0.00093	0.00105	   Digraph	035	180	      dijk	
100	0.02102	0.00242	0.01425	0.03268	   Digraph	036	180	      bell	
100	0.00043	0.00045	0.00037	0.00493	   Digraph	036	180	     fbell	
100	0.00104	0.00111	0.00091	0.01203	   Digraph	036	180	      dijk	
100	0.02202	0.00143	0.01718	0.02920	   Digraph	037	180	      bell	
100	0.00042	0.00001	0.00040	0.00047	   Digraph	037	180	     fbell	
100	0.00128	0.00148	0.00106	0.01529	   Digraph	037	180	      dijk	
100	0.02353	0.00264	0.01876	0.03272	   Digraph	038	180	      bell	
100	0.00047	0.00046	0.00041	0.00504	   Digraph	038	180	     fbell	
100	0.00113	0.00128	0.00098	0.01388	   Digraph	038	180	      dijk	
100	0.02337	0.00167	0.02064	0.03126	   Digraph	039	180	      bell	
100	0.00057	0.00085	0.00047	0.00906	   Digraph	039	180	     fbell	
100	0.00110	0.00047	0.00104	0.00582	   Digraph	039	180	      dijk	
100	0.02385	0.00184	0.02118	0.03152	   Digraph	040	180	      bell	
100	0.00042	0.00002	0.00040	0.00048	   Digraph	040	180	     fbell	
100	0.00125	0.00127	0.00106	0.01301	   Digraph	040	180	      dijk	
100	0.02471	0.00202	0.02183	0.03256	   Digraph	041	180	      bell	
100	0.00046	0.00045	0.00040	0.00495	   Digraph	041	180	     fbell	
100	0.00119	0.00113	0.00106	0.01244	   Digraph	041	180	      dijk	
100	0.02553	0.00251	0.02230	0.03511	   Digraph	042	180	      bell	
100	0.00051	0.00105	0.00039	0.01098	   Digraph	042	180	     fbell	
100	0.00115	0.00002	0.00113	0.00125	   Digraph	042	180	      dijk	
100	0.02578	0.00171	0.02481	0.03110	   Digraph	043	180	      bell	
100	0.00054	0.00047	0.00047	0.00518	   Digraph	043	180	     fbell	
100	0.00133	0.00140	0.00117	0.01529	   Digraph	043	180	      dijk	
100	0.02696	0.00258	0.02333	0.03390	   Digraph	044	180	      bell	
100	0.00050	0.00046	0.00044	0.00505	   Digraph	044	180	     fbell	
100	0.00129	0.00128	0.00114	0.01399	   Digraph	044	180	      dijk	
100	0.02690	0.00225	0.02349	0.03535	   Digraph	045	180	      bell	
100	0.00050	0.00044	0.00044	0.00483	   Digraph	045	180	     fbell	
100	0.00138	0.00133	0.00122	0.01465	   Digraph	045	180	      dijk	
100	0.02767	0.00248	0.02396	0.03387	   Digraph	046	180	      bell	
100	0.00049	0.00043	0.00043	0.00479	   Digraph	046	180	     fbell	
100	0.00136	0.00122	0.00122	0.01348	   Digraph	046	180	      dijk	
100	0.02872	0.00364	0.02464	0.03964	   Digraph	047	180	      bell	
100	0.00046	0.00013	0.00039	0.00099	   Digraph	047	180	     fbell	
100	0.00137	0.00044	0.00128	0.00571	   Digraph	047	180	      dijk	
100	0.02916	0.00285	0.02504	0.03820	   Digraph	048	180	      bell	
100	0.00040	0.00002	0.00038	0.00048	   Digraph	048	180	     fbell	
100	0.00151	0.00151	0.00127	0.01581	   Digraph	048	180	      dijk	
100	0.03030	0.00315	0.02579	0.04036	   Digraph	049	180	      bell	
100	0.00036	0.00001	0.00035	0.00040	   Digraph	049	180	     fbell	
100	0.00139	0.00044	0.00129	0.00575	   Digraph	049	180	      dijk	
100	0.03044	0.00243	0.02622	0.03685	   Digraph	050	180	      bell	
100	0.00050	0.00090	0.00040	0.00944	   Digraph	050	180	     fbell	
100	0.00135	0.00044	0.00128	0.00574	   Digraph	050	180	      dijk	
100	0.03114	0.00258	0.02668	0.03691	   Digraph	051	180	      bell	
100	0.00041	0.00002	0.00039	0.00049	   Digraph	051	180	     fbell	
100	0.00147	0.00044	0.00137	0.00582	   Digraph	051	180	      dijk	
100	0.03187	0.00270	0.02767	0.04064	   Digraph	052	180	      bell	
100	0.00052	0.00002	0.00050	0.00057	   Digraph	052	180	     fbell	
100	0.00149	0.00135	0.00134	0.01489	   Digraph	052	180	      dijk	
100	0.03320	0.00296	0.03028	0.04128	   Digraph	053	180	      bell	
100	0.00048	0.00001	0.00046	0.00052	   Digraph	053	180	     fbell	
100	0.00153	0.00044	0.00143	0.00589	   Digraph	053	180	      dijk	
100	0.03337	0.00292	0.02876	0.04428	   Digraph	054	180	      bell	
100	0.00052	0.00084	0.00043	0.00884	   Digraph	054	180	     fbell	
100	0.00148	0.00044	0.00141	0.00590	   Digraph	054	180	      dijk	
100	0.03404	0.00307	0.02925	0.04413	   Digraph	055	180	      bell	
100	0.00052	0.00044	0.00045	0.00485	   Digraph	055	180	     fbell	
100	0.00159	0.00125	0.00144	0.01403	   Digraph	055	180	      dijk	
100	0.03460	0.00280	0.02958	0.04433	   Digraph	056	180	      bell	
100	0.00066	0.00119	0.00052	0.01253	   Digraph	056	180	     fbell	
100	0.00154	0.00044	0.00147	0.00594	   Digraph	056	180	      dijk	
100	0.03517	0.00244	0.03229	0.03955	   Digraph	057	180	      bell	
100	0.00065	0.00099	0.00050	0.00954	   Digraph	057	180	     fbell	
100	0.00154	0.00044	0.00146	0.00592	   Digraph	057	180	      dijk	
100	0.03604	0.00273	0.03130	0.04521	   Digraph	058	180	      bell	
100	0.00070	0.00044	0.00063	0.00502	   Digraph	058	180	     fbell	
100	0.00182	0.00150	0.00156	0.01599	   Digraph	058	180	      dijk	
100	0.03672	0.00302	0.03195	0.04640	   Digraph	059	180	      bell	
100	0.00050	0.00080	0.00041	0.00845	   Digraph	059	180	     fbell	
100	0.00161	0.00044	0.00152	0.00596	   Digraph	059	180	      dijk	
100	0.03813	0.00324	0.03193	0.04746	   Digraph	060	180	      bell	
100	0.00041	0.00001	0.00039	0.00046	   Digraph	060	180	     fbell	
100	0.00189	0.00156	0.00158	0.01611	   Digraph	060	180	      dijk	
100	0.03866	0.00238	0.03429	0.04229	   Digraph	061	180	      bell	
100	0.00048	0.00044	0.00041	0.00486	   Digraph	061	180	     fbell	
100	0.00166	0.00045	0.00156	0.00608	   Digraph	061	180	      dijk	
100	0.03957	0.00288	0.03348	0.04868	   Digraph	062	180	      bell	
100	0.00055	0.00114	0.00042	0.01186	   Digraph	062	180	     fbell	
100	0.00164	0.00044	0.00156	0.00602	   Digraph	062	180	      dijk	
100	0.04079	0.00312	0.03429	0.04992	   Digraph	063	180	      bell	
100	0.00052	0.00046	0.00046	0.00509	   Digraph	063	180	     fbell	
100	0.00187	0.00142	0.00167	0.01528	   Digraph	063	180	      dijk	
100	0.04060	0.00272	0.03442	0.04976	   Digraph	064	180	      bell	
100	0.00051	0.00044	0.00044	0.00485	   Digraph	064	180	     fbell	
100	0.00181	0.00045	0.00169	0.00626	   Digraph	064	180	      dijk	
100	0.04159	0.00263	0.03535	0.05049	   Digraph	065	180	      bell	
100	0.00045	0.00002	0.00043	0.00053	   Digraph	065	180	     fbell	
100	0.00194	0.00156	0.00169	0.01686	   Digraph	065	180	      dijk	
100	0.04228	0.00199	0.03809	0.04560	   Digraph	066	180	      bell	
100	0.00046	0.00002	0.00044	0.00051	   Digraph	066	180	     fbell	
100	0.00200	0.00141	0.00178	0.01530	   Digraph	066	180	      dijk	
100	0.04327	0.00250	0.03674	0.05201	   Digraph	067	180	      bell	
100	0.00045	0.00044	0.00038	0.00480	   Digraph	067	180	     fbell	
100	0.00200	0.00144	0.00179	0.01555	   Digraph	067	180	      dijk	
100	0.04389	0.00219	0.03719	0.05250	   Digraph	068	180	      bell	
100	0.00057	0.00044	0.00050	0.00489	   Digraph	068	180	     fbell	
100	0.00202	0.00148	0.00177	0.01610	   Digraph	068	180	      dijk	
100	0.04456	0.00166	0.03992	0.05028	   Digraph	069	180	      bell	
100	0.00056	0.00044	0.00049	0.00492	   Digraph	069	180	     fbell	
100	0.00197	0.00046	0.00185	0.00646	   Digraph	069	180	      dijk	
100	0.04571	0.00237	0.04068	0.05378	   Digraph	070	180	      bell	
100	0.00064	0.00044	0.00057	0.00505	   Digraph	070	180	     fbell	
100	0.00198	0.00005	0.00190	0.00212	   Digraph	070	180	      dijk	
100	0.04714	0.00246	0.04029	0.05568	   Digraph	071	180	      bell	
100	0.00061	0.00106	0.00048	0.01118	   Digraph	071	180	     fbell	
100	0.00196	0.00046	0.00186	0.00652	   Digraph	071	180	      dijk	
100	0.04823	0.00206	0.04308	0.05611	   Digraph	072	180	      bell	
100	0.00048	0.00046	0.00041	0.00510	   Digraph	072	180	     fbell	
100	0.00201	0.00048	0.00188	0.00673	   Digraph	072	180	      dijk	
100	0.04824	0.00173	0.04582	0.05601	   Digraph	073	180	      bell	
100	0.00050	0.00002	0.00047	0.00056	   Digraph	073	180	     fbell	
100	0.00205	0.00062	0.00189	0.00642	   Digraph	073	180	      dijk	
100	0.05106	0.00227	0.04858	0.05715	   Digraph	074	180	      bell	
100	0.00011	0.00001	0.00010	0.00017	   Digraph	074	180	     fbell	
100	0.00146	0.00065	0.00128	0.00604	   Digraph	074	180	      dijk	
100	0.05024	0.00208	0.04750	0.06461	   Digraph	075	180	      bell	
100	0.00060	0.00046	0.00053	0.00522	   Digraph	075	180	     fbell	
100	0.00212	0.00048	0.00199	0.00682	   Digraph	075	180	      dijk	
100	0.05139	0.00223	0.04856	0.05900	   Digraph	076	180	      bell	
100	0.00058	0.00046	0.00051	0.00515	   Digraph	076	180	     fbell	
100	0.00216	0.00048	0.00202	0.00687	   Digraph	076	180	      dijk	
100	0.05259	0.00245	0.04984	0.06759	   Digraph	077	180	      bell	
100	0.00048	0.00002	0.00047	0.00055	   Digraph	077	180	     fbell	
100	0.00227	0.00070	0.00201	0.00676	   Digraph	077	180	      dijk	
100	0.05317	0.00199	0.05179	0.05891	   Digraph	078	180	      bell	
100	0.00051	0.00002	0.00049	0.00058	   Digraph	078	180	     fbell	
100	0.00228	0.00066	0.00208	0.00694	   Digraph	078	180	      dijk	
100	0.05387	0.00239	0.05082	0.06071	   Digraph	079	180	      bell	
100	0.00051	0.00002	0.00049	0.00057	   Digraph	079	180	     fbell	
100	0.00230	0.00065	0.00210	0.00687	   Digraph	079	180	      dijk	
100	0.05547	0.00287	0.05114	0.06363	   Digraph	080	180	      bell	
100	0.00038	0.00044	0.00032	0.00477	   Digraph	080	180	     fbell	
100	0.00203	0.00046	0.00189	0.00652	   Digraph	080	180	      dijk	
100	0.05470	0.00248	0.05098	0.06350	   Digraph	081	180	      bell	
100	0.00051	0.00001	0.00049	0.00056	   Digraph	081	180	     fbell	
100	0.00233	0.00152	0.00207	0.01676	   Digraph	081	180	      dijk	
100	0.05536	0.00238	0.05220	0.06132	   Digraph	082	180	      bell	
100	0.00065	0.00097	0.00053	0.01034	   Digraph	082	180	     fbell	
100	0.00230	0.00064	0.00212	0.00679	   Digraph	082	180	      dijk	
100	0.05738	0.00291	0.05298	0.07051	   Digraph	083	180	      bell	
100	0.00053	0.00002	0.00051	0.00061	   Digraph	083	180	     fbell	
100	0.00241	0.00160	0.00212	0.01710	   Digraph	083	180	      dijk	
100	0.05951	0.00271	0.05556	0.06728	   Digraph	084	180	      bell	
100	0.00013	0.00001	0.00012	0.00019	   Digraph	084	180	     fbell	
100	0.00167	0.00146	0.00140	0.01546	   Digraph	084	180	      dijk	
100	0.05930	0.00292	0.05507	0.07014	   Digraph	085	180	      bell	
100	0.00061	0.00045	0.00053	0.00511	   Digraph	085	180	     fbell	
100	0.00248	0.00148	0.00222	0.01637	   Digraph	085	180	      dijk	
100	0.05980	0.00301	0.05492	0.07000	   Digraph	086	180	      bell	
100	0.00057	0.00044	0.00050	0.00498	   Digraph	086	180	     fbell	
100	0.00235	0.00045	0.00219	0.00678	   Digraph	086	180	      dijk	
100	0.05976	0.00260	0.05511	0.06627	   Digraph	087	180	      bell	
100	0.00062	0.00002	0.00059	0.00068	   Digraph	087	180	     fbell	
100	0.00261	0.00151	0.00228	0.01629	   Digraph	087	180	      dijk	
100	0.06080	0.00282	0.05540	0.06886	   Digraph	088	180	      bell	
100	0.00053	0.00002	0.00051	0.00065	   Digraph	088	180	     fbell	
100	0.00266	0.00145	0.00228	0.01568	   Digraph	088	180	      dijk	
100	0.06666	0.00252	0.06356	0.07565	   Digraph	089	180	      bell	
100	0.00018	0.00044	0.00013	0.00452	   Digraph	089	180	     fbell	
100	0.00163	0.00048	0.00147	0.00626	   Digraph	089	180	      dijk	
100	0.06415	0.00256	0.05830	0.07263	   Digraph	090	180	      bell	
100	0.00014	0.00001	0.00012	0.00018	   Digraph	090	180	     fbell	
100	0.00178	0.00143	0.00151	0.01530	   Digraph	090	180	      dijk	
100	0.06308	0.00268	0.05815	0.07117	   Digraph	091	180	      bell	
100	0.00057	0.00044	0.00050	0.00496	   Digraph	091	180	     fbell	
100	0.00261	0.00063	0.00240	0.00701	   Digraph	091	180	      dijk	
100	0.06422	0.00289	0.05897	0.07437	   Digraph	092	180	      bell	
100	0.00053	0.00044	0.00046	0.00490	   Digraph	092	180	     fbell	
100	0.00260	0.00064	0.00240	0.00711	   Digraph	092	180	      dijk	
100	0.06809	0.00256	0.06202	0.08138	   Digraph	093	180	      bell	
100	0.00014	0.00002	0.00013	0.00022	   Digraph	093	180	     fbell	
100	0.00180	0.00066	0.00160	0.00640	   Digraph	093	180	      dijk	
100	0.06916	0.00191	0.06426	0.08195	   Digraph	094	180	      bell	
100	0.00014	0.00001	0.00013	0.00018	   Digraph	094	180	     fbell	
100	0.00170	0.00050	0.00154	0.00662	   Digraph	094	180	      dijk	
100	0.06832	0.00267	0.06224	0.07850	   Digraph	095	180	      bell	
100	0.00051	0.00002	0.00049	0.00058	   Digraph	095	180	     fbell	
100	0.00267	0.00066	0.00245	0.00731	   Digraph	095	180	      dijk	
100	0.07144	0.00198	0.06917	0.07912	   Digraph	096	180	      bell	
100	0.00015	0.00001	0.00014	0.00020	   Digraph	096	180	     fbell	
100	0.00177	0.00066	0.00156	0.00643	   Digraph	096	180	      dijk	
100	0.07045	0.00276	0.06396	0.08060	   Digraph	097	180	      bell	
100	0.00047	0.00002	0.00044	0.00055	   Digraph	097	180	     fbell	
100	0.00250	0.00047	0.00234	0.00716	   Digraph	097	180	      dijk	
100	0.07089	0.00314	0.06559	0.08398	   Digraph	098	180	      bell	
100	0.00045	0.00002	0.00042	0.00052	   Digraph	098	180	     fbell	
100	0.00261	0.00063	0.00239	0.00698	   Digraph	098	180	      dijk	
100	0.07104	0.00182	0.06622	0.07964	   Digraph	099	180	      bell	
100	0.00040	0.00001	0.00038	0.00047	   Digraph	099	180	     fbell	
100	0.00248	0.00061	0.00227	0.00681	   Digraph	099	180	      dijk	
100	0.07148	0.00268	0.06611	0.07976	   Digraph	100	180	      bell	
100	0.00061	0.00046	0.00053	0.00523	   Digraph	100	180	     fbell	
100	0.00296	0.00081	0.00264	0.00836	   Digraph	100	180	      dijk	
100	0.07348	0.00206	0.07040	0.08311	   Digraph	101	180	      bell	
100	0.00015	0.00001	0.00014	0.00020	   Digraph	101	180	     fbell	
100	0.00201	0.00154	0.00165	0.01597	   Digraph	101	180	      dijk	
100	0.07247	0.00168	0.06773	0.08031	   Digraph	102	180	      bell	
100	0.00049	0.00002	0.00047	0.00057	   Digraph	102	180	     fbell	
100	0.00299	0.00069	0.00264	0.00729	   Digraph	102	180	      dijk	
100	0.07505	0.00238	0.06865	0.08389	   Digraph	103	180	      bell	
100	0.00076	0.00002	0.00074	0.00086	   Digraph	103	180	     fbell	
100	0.00288	0.00065	0.00267	0.00750	   Digraph	103	180	      dijk	
100	0.07647	0.00169	0.07456	0.08501	   Digraph	104	180	      bell	
100	0.00049	0.00046	0.00042	0.00506	   Digraph	104	180	     fbell	
100	0.00270	0.00151	0.00240	0.01685	   Digraph	104	180	      dijk	
100	0.07752	0.00237	0.07362	0.08362	   Digraph	105	180	      bell	
100	0.00015	0.00001	0.00014	0.00024	   Digraph	105	180	     fbell	
100	0.00193	0.00063	0.00172	0.00628	   Digraph	105	180	      dijk	
100	0.07777	0.00353	0.07550	0.10229	   Digraph	106	180	      bell	
100	0.00043	0.00002	0.00040	0.00049	   Digraph	106	180	     fbell	
100	0.00284	0.00081	0.00258	0.00753	   Digraph	106	180	      dijk	
100	0.07919	0.00224	0.07638	0.08797	   Digraph	107	180	      bell	
100	0.00065	0.00123	0.00050	0.01290	   Digraph	107	180	     fbell	
100	0.00301	0.00067	0.00279	0.00780	   Digraph	107	180	      dijk	
100	0.08109	0.00255	0.07751	0.08950	   Digraph	108	180	      bell	
100	0.00049	0.00047	0.00041	0.00516	   Digraph	108	180	     fbell	
100	0.00283	0.00068	0.00261	0.00757	   Digraph	108	180	      dijk	
100	0.08198	0.00273	0.07862	0.09448	   Digraph	109	180	      bell	
100	0.00051	0.00046	0.00043	0.00513	   Digraph	109	180	     fbell	
100	0.00286	0.00067	0.00264	0.00758	   Digraph	109	180	      dijk	
100	0.08419	0.00284	0.08095	0.09561	   Digraph	110	180	      bell	
100	0.00016	0.00001	0.00015	0.00022	   Digraph	110	180	     fbell	
100	0.00211	0.00093	0.00184	0.01002	   Digraph	110	180	      dijk	
100	0.08226	0.00280	0.07971	0.09216	   Digraph	111	180	      bell	
100	0.00052	0.00002	0.00049	0.00058	   Digraph	111	180	     fbell	
100	0.00305	0.00081	0.00277	0.00771	   Digraph	111	180	      dijk	
100	0.08409	0.00248	0.08127	0.09121	   Digraph	112	180	      bell	
100	0.00065	0.00137	0.00048	0.01429	   Digraph	112	180	     fbell	
100	0.00304	0.00067	0.00284	0.00784	   Digraph	112	180	      dijk	
100	0.08440	0.00297	0.08106	0.09620	   Digraph	113	180	      bell	
100	0.00052	0.00045	0.00046	0.00495	   Digraph	113	180	     fbell	
100	0.00304	0.00066	0.00281	0.00789	   Digraph	113	180	      dijk	
100	0.08421	0.00319	0.08085	0.09565	   Digraph	114	180	      bell	
100	0.00061	0.00044	0.00054	0.00497	   Digraph	114	180	     fbell	
100	0.00313	0.00065	0.00291	0.00772	   Digraph	114	180	      dijk	
100	0.08517	0.00273	0.08137	0.09601	   Digraph	115	180	      bell	
100	0.00062	0.00128	0.00043	0.01253	   Digraph	115	180	     fbell	
100	0.00280	0.00065	0.00259	0.00750	   Digraph	115	180	      dijk	
100	0.08730	0.00271	0.08386	0.09593	   Digraph	116	180	      bell	
100	0.00068	0.00142	0.00047	0.01400	   Digraph	116	180	     fbell	
100	0.00296	0.00065	0.00276	0.00750	   Digraph	116	180	      dijk	
100	0.08765	0.00268	0.08453	0.09651	   Digraph	117	180	      bell	
100	0.00064	0.00091	0.00054	0.00972	   Digraph	117	180	     fbell	
100	0.00303	0.00063	0.00278	0.00753	   Digraph	117	180	      dijk	
100	0.09391	0.00620	0.08562	0.11686	   Digraph	118	180	      bell	
100	0.00017	0.00001	0.00016	0.00024	   Digraph	118	180	     fbell	
100	0.00217	0.00064	0.00193	0.00653	   Digraph	118	180	      dijk	
100	0.09147	0.00273	0.08547	0.10048	   Digraph	119	180	      bell	
100	0.00017	0.00001	0.00016	0.00023	   Digraph	119	180	     fbell	
100	0.00220	0.00150	0.00193	0.01642	   Digraph	119	180	      dijk	
100	0.09313	0.00274	0.08802	0.10164	   Digraph	120	180	      bell	
100	0.00049	0.00046	0.00042	0.00507	   Digraph	120	180	     fbell	
100	0.00321	0.00156	0.00284	0.01720	   Digraph	120	180	      dijk	
100	0.10385	0.00119	0.10303	0.11084	   Digraph	121	180	      bell	
100	0.00040	0.00002	0.00038	0.00049	   Digraph	121	180	     fbell	
100	0.00291	0.00157	0.00256	0.01706	   Digraph	121	180	      dijk	
100	0.09516	0.00289	0.09072	0.10747	   Digraph	122	180	      bell	
100	0.00048	0.00003	0.00045	0.00068	   Digraph	122	180	     fbell	
100	0.00304	0.00065	0.00280	0.00766	   Digraph	122	180	      dijk	
100	0.09564	0.00279	0.09163	0.10701	   Digraph	123	180	      bell	
100	0.00048	0.00002	0.00046	0.00057	   Digraph	123	180	     fbell	
100	0.00317	0.00081	0.00289	0.00788	   Digraph	123	180	      dijk	
100	0.09838	0.00165	0.09621	0.10732	   Digraph	124	180	      bell	
100	0.00018	0.00002	0.00016	0.00024	   Digraph	124	180	     fbell	
100	0.00226	0.00066	0.00202	0.00693	   Digraph	124	180	      dijk	
100	0.09836	0.00225	0.09373	0.10683	   Digraph	125	180	      bell	
100	0.00063	0.00046	0.00056	0.00524	   Digraph	125	180	     fbell	
100	0.00330	0.00163	0.00286	0.01731	   Digraph	125	180	      dijk	
100	0.09841	0.00186	0.09718	0.10435	   Digraph	126	180	      bell	
100	0.00018	0.00001	0.00017	0.00024	   Digraph	126	180	     fbell	
100	0.00235	0.00171	0.00202	0.01817	   Digraph	126	180	      dijk	
100	0.09946	0.00219	0.09711	0.10641	   Digraph	127	180	      bell	
100	0.00019	0.00001	0.00018	0.00024	   Digraph	127	180	     fbell	
100	0.00241	0.00182	0.00206	0.01940	   Digraph	127	180	      dijk	
100	0.09888	0.00173	0.09406	0.10791	   Digraph	128	180	      bell	
100	0.00061	0.00099	0.00050	0.01046	   Digraph	128	180	     fbell	
100	0.00322	0.00081	0.00290	0.00814	   Digraph	128	180	      dijk	
100	0.10038	0.00164	0.09541	0.10728	   Digraph	129	180	      bell	
100	0.00051	0.00044	0.00044	0.00487	   Digraph	129	180	     fbell	
100	0.00338	0.00145	0.00299	0.01626	   Digraph	129	180	      dijk	
100	0.10381	0.00432	0.09927	0.12856	   Digraph	130	180	      bell	
100	0.00026	0.00044	0.00020	0.00460	   Digraph	130	180	     fbell	
100	0.00245	0.00067	0.00221	0.00711	   Digraph	130	180	      dijk	
100	0.10289	0.00230	0.10133	0.11441	   Digraph	131	180	      bell	
100	0.00037	0.00002	0.00035	0.00043	   Digraph	131	180	     fbell	
100	0.00302	0.00078	0.00271	0.00747	   Digraph	131	180	      dijk	
100	0.10426	0.00210	0.10244	0.11040	   Digraph	132	180	      bell	
100	0.00040	0.00002	0.00038	0.00045	   Digraph	132	180	     fbell	
100	0.00318	0.00149	0.00281	0.01649	   Digraph	132	180	      dijk	
100	0.10613	0.00296	0.10207	0.11802	   Digraph	133	180	      bell	
100	0.00020	0.00001	0.00018	0.00028	   Digraph	133	180	     fbell	
100	0.00243	0.00064	0.00218	0.00679	   Digraph	133	180	      dijk	
100	0.10533	0.00263	0.10271	0.11631	   Digraph	134	180	      bell	
100	0.00067	0.00044	0.00060	0.00509	   Digraph	134	180	     fbell	
100	0.00342	0.00065	0.00319	0.00801	   Digraph	134	180	      dijk	
100	0.10789	0.00257	0.10447	0.11323	   Digraph	135	180	      bell	
100	0.00020	0.00001	0.00018	0.00027	   Digraph	135	180	     fbell	
100	0.00253	0.00068	0.00229	0.00735	   Digraph	135	180	      dijk	
100	0.10952	0.00279	0.10532	0.11789	   Digraph	136	180	      bell	
100	0.00025	0.00044	0.00019	0.00464	   Digraph	136	180	     fbell	
100	0.00257	0.00068	0.00230	0.00730	   Digraph	136	180	      dijk	
100	0.10894	0.00233	0.10653	0.11381	   Digraph	137	180	      bell	
100	0.00047	0.00044	0.00040	0.00488	   Digraph	137	180	     fbell	
100	0.00329	0.00079	0.00298	0.00779	   Digraph	137	180	      dijk	
100	0.09205	0.19121	-1.81023	0.11996	   Digraph	138	180	      bell	
100	0.00020	0.00001	0.00019	0.00027	   Digraph	138	180	     fbell	
100	0.00255	0.00077	0.00226	0.00693	   Digraph	138	180	      dijk	
100	0.11186	0.00256	0.10813	0.11837	   Digraph	139	180	      bell	
100	0.00020	0.00001	0.00019	0.00026	   Digraph	139	180	     fbell	
100	0.00256	0.00063	0.00232	0.00693	   Digraph	139	180	      dijk	
100	0.11391	0.00384	0.10930	0.12719	   Digraph	140	180	      bell	
100	0.00049	0.00046	0.00041	0.00509	   Digraph	140	180	     fbell	
100	0.00329	0.00083	0.00297	0.00807	   Digraph	140	180	      dijk	
100	0.11378	0.00281	0.10918	0.12380	   Digraph	141	180	      bell	
100	0.00049	0.00001	0.00047	0.00054	   Digraph	141	180	     fbell	
100	0.00358	0.00064	0.00330	0.00797	   Digraph	141	180	      dijk	
100	0.11597	0.00230	0.11159	0.12404	   Digraph	142	180	      bell	
100	0.00021	0.00002	0.00019	0.00026	   Digraph	142	180	     fbell	
100	0.00265	0.00078	0.00237	0.00716	   Digraph	142	180	      dijk	
100	0.11555	0.00268	0.11174	0.12358	   Digraph	143	180	      bell	
100	0.00040	0.00002	0.00038	0.00046	   Digraph	143	180	     fbell	
100	0.00327	0.00077	0.00296	0.00760	   Digraph	143	180	      dijk	
100	0.11821	0.00202	0.11367	0.12509	   Digraph	144	180	      bell	
100	0.00023	0.00002	0.00021	0.00031	   Digraph	144	180	     fbell	
100	0.00301	0.00105	0.00247	0.00849	   Digraph	144	180	      dijk	
100	0.12139	0.00375	0.11449	0.13982	   Digraph	145	180	      bell	
100	0.00022	0.00001	0.00020	0.00026	   Digraph	145	180	     fbell	
100	0.00264	0.00080	0.00232	0.00724	   Digraph	145	180	      dijk	
100	0.12159	0.00174	0.11676	0.12890	   Digraph	146	180	      bell	
100	0.00028	0.00044	0.00021	0.00470	   Digraph	146	180	     fbell	
100	0.00281	0.00068	0.00257	0.00748	   Digraph	146	180	      dijk	
100	0.12274	0.00312	0.11492	0.13228	   Digraph	147	180	      bell	
100	0.00039	0.00001	0.00037	0.00043	   Digraph	147	180	     fbell	
100	0.00326	0.00082	0.00296	0.00796	   Digraph	147	180	      dijk	
100	0.12378	0.00261	0.11960	0.13359	   Digraph	148	180	      bell	
100	0.00064	0.00046	0.00056	0.00524	   Digraph	148	180	     fbell	
100	0.00398	0.00084	0.00362	0.00874	   Digraph	148	180	      dijk	
100	0.12676	0.00192	0.12419	0.13459	   Digraph	149	180	      bell	
100	0.00022	0.00002	0.00020	0.00027	   Digraph	149	180	     fbell	
100	0.00281	0.00155	0.00241	0.01679	   Digraph	149	180	      dijk	
100	0.12422	0.00225	0.11869	0.12942	   Digraph	150	180	      bell	
100	0.00049	0.00044	0.00042	0.00489	   Digraph	150	180	     fbell	
100	0.00349	0.00078	0.00317	0.00799	   Digraph	150	180	      dijk	
100	0.12659	0.00203	0.12462	0.13336	   Digraph	151	180	      bell	
100	0.00022	0.00001	0.00020	0.00029	   Digraph	151	180	     fbell	
100	0.00286	0.00077	0.00254	0.00721	   Digraph	151	180	      dijk	
100	0.12703	0.00165	0.12548	0.13314	   Digraph	152	180	      bell	
100	0.00034	0.00124	0.00020	0.01272	   Digraph	152	180	     fbell	
100	0.00270	0.00067	0.00244	0.00762	   Digraph	152	180	      dijk	
100	0.12793	0.00230	0.12535	0.13404	   Digraph	153	180	      bell	
100	0.00022	0.00001	0.00020	0.00028	   Digraph	153	180	     fbell	
100	0.00284	0.00078	0.00253	0.00725	   Digraph	153	180	      dijk	
100	0.13130	0.00277	0.12763	0.13860	   Digraph	154	180	      bell	
100	0.00028	0.00046	0.00022	0.00487	   Digraph	154	180	     fbell	
100	0.00287	0.00071	0.00263	0.00794	   Digraph	154	180	      dijk	
100	0.13132	0.00314	0.12851	0.14999	   Digraph	155	180	      bell	
100	0.00050	0.00044	0.00043	0.00492	   Digraph	155	180	     fbell	
100	0.00331	0.00080	0.00298	0.00787	   Digraph	155	180	      dijk	
100	0.13266	0.00332	0.12902	0.14485	   Digraph	156	180	      bell	
100	0.00034	0.00121	0.00020	0.01237	   Digraph	156	180	     fbell	
100	0.00275	0.00070	0.00248	0.00770	   Digraph	156	180	      dijk	
100	0.13500	0.00199	0.13169	0.14353	   Digraph	157	180	      bell	
100	0.00046	0.00002	0.00043	0.00058	   Digraph	157	180	     fbell	
100	0.00376	0.00081	0.00341	0.00843	   Digraph	157	180	      dijk	
100	0.13763	0.00327	0.13165	0.14996	   Digraph	158	180	      bell	
100	0.00023	0.00002	0.00021	0.00029	   Digraph	158	180	     fbell	
100	0.00302	0.00080	0.00269	0.00762	   Digraph	158	180	      dijk	
100	0.13860	0.00291	0.13480	0.14799	   Digraph	159	180	      bell	
100	0.00028	0.00046	0.00021	0.00488	   Digraph	159	180	     fbell	
100	0.00294	0.00071	0.00267	0.00804	   Digraph	159	180	      dijk	
100	0.14066	0.00291	0.13693	0.14934	   Digraph	160	180	      bell	
100	0.00023	0.00002	0.00021	0.00032	   Digraph	160	180	     fbell	
100	0.00301	0.00082	0.00271	0.00771	   Digraph	160	180	      dijk	
100	0.14129	0.00259	0.13673	0.14705	   Digraph	161	180	      bell	
100	0.00038	0.00139	0.00022	0.01422	   Digraph	161	180	     fbell	
100	0.00281	0.00071	0.00256	0.00797	   Digraph	161	180	      dijk	
100	0.14174	0.00285	0.13558	0.15150	   Digraph	162	180	      bell	
100	0.00023	0.00002	0.00022	0.00033	   Digraph	162	180	     fbell	
100	0.00291	0.00066	0.00264	0.00749	   Digraph	162	180	      dijk	
100	0.13927	0.00249	0.13557	0.14656	   Digraph	163	180	      bell	
100	0.00036	0.00044	0.00029	0.00472	   Digraph	163	180	     fbell	
100	0.00326	0.00080	0.00297	0.00805	   Digraph	163	180	      dijk	
100	0.14182	0.00246	0.13774	0.15057	   Digraph	164	180	      bell	
100	0.00024	0.00001	0.00022	0.00028	   Digraph	164	180	     fbell	
100	0.00297	0.00065	0.00269	0.00737	   Digraph	164	180	      dijk	
100	0.14262	0.00225	0.13835	0.14724	   Digraph	165	180	      bell	
100	0.00028	0.00045	0.00022	0.00472	   Digraph	165	180	     fbell	
100	0.00299	0.00067	0.00271	0.00772	   Digraph	165	180	      dijk	
100	0.14680	0.00312	0.13939	0.15325	   Digraph	166	180	      bell	
100	0.00024	0.00001	0.00022	0.00030	   Digraph	166	180	     fbell	
100	0.00306	0.00083	0.00272	0.00777	   Digraph	166	180	      dijk	
100	0.14745	0.00328	0.14097	0.16500	   Digraph	167	180	      bell	
100	0.00029	0.00044	0.00022	0.00471	   Digraph	167	180	     fbell	
100	0.00303	0.00068	0.00272	0.00779	   Digraph	167	180	      dijk	
100	0.14658	0.00261	0.14169	0.16080	   Digraph	168	180	      bell	
100	0.00025	0.00001	0.00023	0.00032	   Digraph	168	180	     fbell	
100	0.00315	0.00078	0.00281	0.00763	   Digraph	168	180	      dijk	
100	0.14682	0.00203	0.14189	0.15256	   Digraph	169	180	      bell	
100	0.00026	0.00002	0.00024	0.00030	   Digraph	169	180	     fbell	
100	0.00314	0.00078	0.00279	0.00758	   Digraph	169	180	      dijk	
100	0.14899	0.00189	0.14413	0.15785	   Digraph	170	180	      bell	
100	0.00024	0.00002	0.00022	0.00032	   Digraph	170	180	     fbell	
100	0.00311	0.00079	0.00277	0.00779	   Digraph	170	180	      dijk	
100	0.15068	0.00209	0.14907	0.15881	   Digraph	171	180	      bell	
100	0.00025	0.00002	0.00023	0.00031	   Digraph	171	180	     fbell	
100	0.00312	0.00078	0.00277	0.00753	   Digraph	171	180	      dijk	
100	0.15108	0.00214	0.14635	0.15889	   Digraph	172	180	      bell	
100	0.00046	0.00002	0.00044	0.00052	   Digraph	172	180	     fbell	
100	0.00396	0.00089	0.00358	0.00840	   Digraph	172	180	      dijk	
100	0.15209	0.00128	0.15105	0.15811	   Digraph	173	180	      bell	
100	0.00030	0.00002	0.00028	0.00036	   Digraph	173	180	     fbell	
100	0.00327	0.00078	0.00295	0.00769	   Digraph	173	180	      dijk	
100	0.15393	0.00198	0.15238	0.16130	   Digraph	174	180	      bell	
100	0.00030	0.00046	0.00023	0.00486	   Digraph	174	180	     fbell	
100	0.00317	0.00082	0.00281	0.00790	   Digraph	174	180	      dijk	
100	0.15389	0.00154	0.15224	0.16090	   Digraph	175	180	      bell	
100	0.00039	0.00002	0.00037	0.00044	   Digraph	175	180	     fbell	
100	0.00358	0.00078	0.00321	0.00799	   Digraph	175	180	      dijk	
100	0.15633	0.00217	0.15430	0.16189	   Digraph	176	180	      bell	
100	0.00025	0.00002	0.00023	0.00033	   Digraph	176	180	     fbell	
100	0.00323	0.00079	0.00289	0.00768	   Digraph	176	180	      dijk	
100	0.15779	0.00217	0.15570	0.16371	   Digraph	177	180	      bell	
100	0.00026	0.00002	0.00024	0.00033	   Digraph	177	180	     fbell	
100	0.00321	0.00078	0.00286	0.00763	   Digraph	177	180	      dijk	
100	0.15877	0.00224	0.15662	0.16521	   Digraph	178	180	      bell	
100	0.00030	0.00044	0.00024	0.00468	   Digraph	178	180	     fbell	
100	0.00326	0.00084	0.00292	0.00827	   Digraph	178	180	      dijk	
100	0.15999	0.00260	0.15691	0.16659	   Digraph	179	180	      bell	
100	0.00027	0.00002	0.00025	0.00034	   Digraph	179	180	     fbell	
100	0.00332	0.00077	0.00300	0.00767	   Digraph	179	180	      dijk	
100	0.16117	0.00270	0.15833	0.16829	   Digraph	180	180	      bell	
100	0.00026	0.00002	0.00024	0.00031	   Digraph	180	180	     fbell	
100	0.00324	0.00065	0.00295	0.00785	   Digraph	180	180	      dijk	
100	0.16222	0.00244	0.15941	0.16792	   Digraph	181	180	      bell	
100	0.00032	0.00044	0.00025	0.00470	   Digraph	181	180	     fbell	
100	0.00336	0.00083	0.00299	0.00818	   Digraph	181	180	      dijk	
100	0.16304	0.00266	0.15980	0.17160	   Digraph	182	180	      bell	
100	0.00030	0.00044	0.00024	0.00467	   Digraph	182	180	     fbell	
100	0.00331	0.00082	0.00300	0.00823	   Digraph	182	180	      dijk	
100	0.16537	0.00307	0.16220	0.17965	   Digraph	183	180	      bell	
100	0.00038	0.00045	0.00031	0.00482	   Digraph	183	180	     fbell	
100	0.00370	0.00151	0.00320	0.01696	   Digraph	183	180	      dijk	
100	0.16368	0.00239	0.16099	0.16967	   Digraph	184	180	      bell	
100	0.00052	0.00044	0.00044	0.00487	   Digraph	184	180	     fbell	
100	0.00423	0.00083	0.00392	0.00904	   Digraph	184	180	      dijk	
100	0.16733	0.00272	0.16412	0.17617	   Digraph	185	180	      bell	
100	0.00044	0.00046	0.00036	0.00500	   Digraph	185	180	     fbell	
100	0.00375	0.00082	0.00342	0.00857	   Digraph	185	180	      dijk	
100	0.16052	0.00364	0.15321	0.17466	   Digraph	186	180	      bell	
100	0.00027	0.00002	0.00025	0.00030	   Digraph	186	180	     fbell	
100	0.00326	0.00051	0.00299	0.00806	   Digraph	186	180	      dijk	
100	0.15232	0.00321	0.14677	0.16671	   Digraph	187	180	      bell	
100	0.00027	0.00002	0.00025	0.00036	   Digraph	187	180	     fbell	
100	0.00366	0.00334	0.00299	0.03614	   Digraph	187	180	      dijk	
100	0.15088	0.00263	0.14616	0.15886	   Digraph	188	180	      bell	
100	0.00028	0.00002	0.00026	0.00034	   Digraph	188	180	     fbell	
100	0.00382	0.00327	0.00300	0.03537	   Digraph	188	180	      dijk	
100	0.15093	0.00243	0.14620	0.15747	   Digraph	189	180	      bell	
100	0.00028	0.00002	0.00026	0.00035	   Digraph	189	180	     fbell	
100	0.00339	0.00289	0.00300	0.03181	   Digraph	189	180	      dijk	
100	0.15487	0.00531	0.14854	0.18749	   Digraph	190	180	      bell	
100	0.00053	0.00211	0.00026	0.02093	   Digraph	190	180	     fbell	
100	0.00322	0.00048	0.00306	0.00794	   Digraph	190	180	      dijk	
100	0.15863	0.00735	0.15074	0.19284	   Digraph	191	180	      bell	
100	0.00037	0.00005	0.00033	0.00069	   Digraph	191	180	     fbell	
100	0.00357	0.00047	0.00335	0.00804	   Digraph	191	180	      dijk	
100	0.15920	0.00643	0.14598	0.18717	   Digraph	192	180	      bell	
100	0.00037	0.00047	0.00029	0.00504	   Digraph	192	180	     fbell	
100	0.00353	0.00057	0.00330	0.00871	   Digraph	192	180	      dijk	
100	0.15914	0.00652	0.15147	0.18374	   Digraph	193	180	      bell	
100	0.00030	0.00006	0.00025	0.00059	   Digraph	193	180	     fbell	
100	0.00352	0.00073	0.00308	0.00810	   Digraph	193	180	      dijk	
100	0.16485	0.00653	0.15527	0.18774	   Digraph	194	180	      bell	
100	0.00054	0.00047	0.00045	0.00524	   Digraph	194	180	     fbell	
100	0.00430	0.00055	0.00403	0.00937	   Digraph	194	180	      dijk	
100	0.16276	0.00771	0.15394	0.20784	   Digraph	195	180	      bell	
100	0.00062	0.00047	0.00053	0.00529	   Digraph	195	180	     fbell	
100	0.00446	0.00053	0.00425	0.00961	   Digraph	195	180	      dijk	
100	0.16298	0.00303	0.15664	0.17590	   Digraph	196	180	      bell	
100	0.00034	0.00011	0.00026	0.00078	   Digraph	196	180	     fbell	
100	0.00347	0.00069	0.00318	0.00833	   Digraph	196	180	      dijk	
100	0.16328	0.00340	0.15720	0.17902	   Digraph	197	180	      bell	
100	0.00034	0.00005	0.00031	0.00064	   Digraph	197	180	     fbell	
100	0.00359	0.00048	0.00340	0.00813	   Digraph	197	180	      dijk	
100	0.16305	0.00253	0.15703	0.17347	   Digraph	198	180	      bell	
100	0.00028	0.00002	0.00026	0.00041	   Digraph	198	180	     fbell	
100	0.00368	0.00075	0.00326	0.00833	   Digraph	198	180	      dijk	
100	0.16488	0.00277	0.15861	0.18024	   Digraph	199	180	      bell	
100	0.00029	0.00002	0.00026	0.00043	   Digraph	199	180	     fbell	
100	0.00352	0.00069	0.00326	0.00829	   Digraph	199	180	      dijk	
100	0.16750	0.00346	0.16162	0.18700	   Digraph	200	180	      bell	
100	0.00030	0.00002	0.00028	0.00044	   Digraph	200	180	     fbell	
100	0.00347	0.00049	0.00326	0.00809	   Digraph	200	180	      dijk	
100	0.16745	0.00253	0.16140	0.17851	   Digraph	201	180	      bell	
100	0.00029	0.00002	0.00026	0.00044	   Digraph	201	180	     fbell	
100	0.00352	0.00051	0.00331	0.00832	   Digraph	201	180	      dijk	
100	0.16785	0.00263	0.16190	0.18211	   Digraph	202	180	      bell	
100	0.00033	0.00002	0.00030	0.00040	   Digraph	202	180	     fbell	
100	0.00362	0.00066	0.00336	0.00806	   Digraph	202	180	      dijk	
100	0.17000	0.00280	0.16814	0.18130	   Digraph	203	180	      bell	
100	0.00030	0.00002	0.00027	0.00041	   Digraph	203	180	     fbell	
100	0.00359	0.00049	0.00339	0.00818	   Digraph	203	180	      dijk	
100	0.17182	0.00286	0.16543	0.18797	   Digraph	204	180	      bell	
100	0.00030	0.00002	0.00027	0.00038	   Digraph	204	180	     fbell	
100	0.00366	0.00066	0.00339	0.00818	   Digraph	204	180	      dijk	
100	0.17178	0.00318	0.16613	0.19037	   Digraph	205	180	      bell	
100	0.00040	0.00045	0.00032	0.00490	   Digraph	205	180	     fbell	
100	0.00376	0.00053	0.00355	0.00879	   Digraph	205	180	      dijk	
100	0.17455	0.00324	0.17107	0.19304	   Digraph	206	180	      bell	
100	0.00039	0.00047	0.00031	0.00503	   Digraph	206	180	     fbell	
100	0.00364	0.00055	0.00342	0.00891	   Digraph	206	180	      dijk	
100	0.17506	0.00404	0.16785	0.19056	   Digraph	207	180	      bell	
100	0.00030	0.00002	0.00028	0.00036	   Digraph	207	180	     fbell	
100	0.00357	0.00049	0.00334	0.00813	   Digraph	207	180	      dijk	
100	0.17571	0.00326	0.17038	0.18987	   Digraph	208	180	      bell	
100	0.00030	0.00002	0.00028	0.00038	   Digraph	208	180	     fbell	
100	0.00372	0.00067	0.00347	0.00827	   Digraph	208	180	      dijk	
100	0.17842	0.00342	0.17520	0.19156	   Digraph	209	180	      bell	
100	0.00030	0.00002	0.00028	0.00039	   Digraph	209	180	     fbell	
100	0.00371	0.00069	0.00345	0.00844	   Digraph	209	180	      dijk	
100	0.17946	0.00434	0.17570	0.20381	   Digraph	210	180	      bell	
100	0.00030	0.00002	0.00028	0.00036	   Digraph	210	180	     fbell	
100	0.00374	0.00067	0.00348	0.00830	   Digraph	210	180	      dijk	
100	0.18109	0.00365	0.17759	0.20611	   Digraph	211	180	      bell	
100	0.00031	0.00002	0.00028	0.00037	   Digraph	211	180	     fbell	
100	0.00365	0.00050	0.00344	0.00838	   Digraph	211	180	      dijk	
100	0.18080	0.00365	0.17203	0.19876	   Digraph	212	180	      bell	
100	0.00041	0.00002	0.00038	0.00050	   Digraph	212	180	     fbell	
100	0.00406	0.00065	0.00374	0.00852	   Digraph	212	180	      dijk	
100	0.18311	0.00354	0.18010	0.20014	   Digraph	213	180	      bell	
100	0.00032	0.00002	0.00030	0.00040	   Digraph	213	180	     fbell	
100	0.00370	0.00051	0.00347	0.00858	   Digraph	213	180	      dijk	
100	0.18515	0.00703	0.18072	0.22517	   Digraph	214	180	      bell	
100	0.00031	0.00002	0.00028	0.00035	   Digraph	214	180	     fbell	
100	0.00374	0.00050	0.00352	0.00843	   Digraph	214	180	      dijk	
100	0.18570	0.00289	0.18271	0.19569	   Digraph	215	180	      bell	
100	0.00036	0.00045	0.00028	0.00485	   Digraph	215	180	     fbell	
100	0.00379	0.00056	0.00356	0.00905	   Digraph	215	180	      dijk	
100	0.18595	0.00349	0.17954	0.20196	   Digraph	216	180	      bell	
100	0.00031	0.00002	0.00029	0.00042	   Digraph	216	180	     fbell	
100	0.00379	0.00048	0.00358	0.00826	   Digraph	216	180	      dijk	
100	0.20427	0.00277	0.20170	0.21663	   Digraph	217	180	      bell	
100	0.00031	0.00002	0.00029	0.00039	   Digraph	217	180	     fbell	
100	0.00379	0.00068	0.00346	0.00840	   Digraph	217	180	      dijk	
100	0.18838	0.00401	0.18225	0.20335	   Digraph	218	180	      bell	
100	0.00031	0.00002	0.00029	0.00037	   Digraph	218	180	     fbell	
100	0.00380	0.00049	0.00359	0.00838	   Digraph	218	180	      dijk	
100	0.19159	0.00415	0.18058	0.21163	   Digraph	219	180	      bell	
100	0.00032	0.00002	0.00029	0.00040	   Digraph	219	180	     fbell	
100	0.00382	0.00050	0.00360	0.00856	   Digraph	219	180	      dijk	
100	0.19298	0.00348	0.18783	0.20560	   Digraph	220	180	      bell	
100	0.00032	0.00003	0.00029	0.00047	   Digraph	220	180	     fbell	
100	0.00396	0.00313	0.00350	0.03470	   Digraph	220	180	      dijk	
100	0.19234	0.00392	0.18409	0.20660	   Digraph	221	180	      bell	
100	0.00033	0.00002	0.00030	0.00040	   Digraph	221	180	     fbell	
100	0.00402	0.00068	0.00374	0.00870	   Digraph	221	180	      dijk	
100	0.19419	0.00384	0.19006	0.21126	   Digraph	222	180	      bell	
100	0.00038	0.00048	0.00030	0.00518	   Digraph	222	180	     fbell	
100	0.00391	0.00058	0.00366	0.00939	   Digraph	222	180	      dijk	
100	0.19554	0.00344	0.19121	0.20996	   Digraph	223	180	      bell	
100	0.00038	0.00047	0.00030	0.00504	   Digraph	223	180	     fbell	
100	0.00393	0.00056	0.00370	0.00928	   Digraph	223	180	      dijk	
100	0.19869	0.00425	0.18854	0.21693	   Digraph	224	180	      bell	
100	0.00039	0.00048	0.00032	0.00515	   Digraph	224	180	     fbell	
100	0.00430	0.00336	0.00368	0.03727	   Digraph	224	180	      dijk	
100	0.21896	0.00389	0.21162	0.22872	   Digraph	225	180	      bell	
100	0.00032	0.00002	0.00030	0.00040	   Digraph	225	180	     fbell	
100	0.00395	0.00067	0.00358	0.00843	   Digraph	225	180	      dijk	
100	0.19995	0.00337	0.19532	0.21345	   Digraph	226	180	      bell	
100	0.00033	0.00002	0.00030	0.00040	   Digraph	226	180	     fbell	
100	0.00397	0.00050	0.00369	0.00857	   Digraph	226	180	      dijk	
100	0.20150	0.00339	0.19638	0.21504	   Digraph	227	180	      bell	
100	0.00033	0.00003	0.00030	0.00049	   Digraph	227	180	     fbell	
100	0.00394	0.00051	0.00369	0.00872	   Digraph	227	180	      dijk	
100	0.20372	0.00453	0.19330	0.22468	   Digraph	228	180	      bell	
100	0.00033	0.00002	0.00030	0.00048	   Digraph	228	180	     fbell	
100	0.00406	0.00066	0.00379	0.00852	   Digraph	228	180	      dijk	
100	0.20178	0.00359	0.19681	0.21582	   Digraph	229	180	      bell	
100	0.00033	0.00002	0.00030	0.00047	   Digraph	229	180	     fbell	
100	0.00398	0.00068	0.00369	0.00859	   Digraph	229	180	      dijk	
100	0.20449	0.00359	0.19535	0.21914	   Digraph	230	180	      bell	
100	0.00039	0.00045	0.00031	0.00489	   Digraph	230	180	     fbell	
100	0.00406	0.00054	0.00382	0.00906	   Digraph	230	180	      dijk	
100	0.20551	0.00350	0.20062	0.21875	   Digraph	231	180	      bell	
100	0.00035	0.00002	0.00032	0.00043	   Digraph	231	180	     fbell	
100	0.00414	0.00068	0.00387	0.00876	   Digraph	231	180	      dijk	
100	0.20811	0.00427	0.19957	0.22770	   Digraph	232	180	      bell	
100	0.00035	0.00003	0.00031	0.00049	   Digraph	232	180	     fbell	
100	0.00417	0.00069	0.00389	0.00897	   Digraph	232	180	      dijk	
100	0.20950	0.00367	0.20389	0.22681	   Digraph	233	180	      bell	
100	0.00039	0.00048	0.00031	0.00516	   Digraph	233	180	     fbell	
100	0.00403	0.00057	0.00376	0.00936	   Digraph	233	180	      dijk	
100	0.21157	0.00406	0.20173	0.22939	   Digraph	234	180	      bell	
100	0.00035	0.00002	0.00032	0.00042	   Digraph	234	180	     fbell	
100	0.00416	0.00048	0.00394	0.00853	   Digraph	234	180	      dijk	
100	0.21114	0.00334	0.20606	0.22417	   Digraph	235	180	      bell	
100	0.00034	0.00002	0.00031	0.00048	   Digraph	235	180	     fbell	
100	0.00407	0.00050	0.00385	0.00875	   Digraph	235	180	      dijk	
100	0.24124	0.00488	0.23479	0.26510	   Digraph	236	180	      bell	
100	0.00039	0.00045	0.00031	0.00491	   Digraph	236	180	     fbell	
100	0.00410	0.00055	0.00377	0.00923	   Digraph	236	180	      dijk	
100	0.21404	0.00360	0.20849	0.23542	   Digraph	237	180	      bell	
100	0.00035	0.00002	0.00032	0.00046	   Digraph	237	180	     fbell	
100	0.00440	0.00071	0.00393	0.00907	   Digraph	237	180	      dijk	
100	0.21494	0.00343	0.20932	0.23221	   Digraph	238	180	      bell	
100	0.00039	0.00048	0.00031	0.00516	   Digraph	238	180	     fbell	
100	0.00415	0.00061	0.00386	0.00986	   Digraph	238	180	      dijk	
100	0.21804	0.00371	0.21143	0.23804	   Digraph	239	180	      bell	
100	0.00040	0.00047	0.00032	0.00510	   Digraph	239	180	     fbell	
100	0.00416	0.00058	0.00393	0.00960	   Digraph	239	180	      dijk	
100	0.21786	0.00419	0.21150	0.23659	   Digraph	240	180	      bell	
100	0.00044	0.00002	0.00041	0.00051	   Digraph	240	180	     fbell	
100	0.00450	0.00070	0.00421	0.00932	   Digraph	240	180	      dijk	
100	0.22142	0.00393	0.21549	0.23827	   Digraph	241	180	      bell	
100	0.00035	0.00002	0.00032	0.00042	   Digraph	241	180	     fbell	
100	0.00419	0.00071	0.00392	0.00903	   Digraph	241	180	      dijk	
100	0.22234	0.00293	0.21606	0.23269	   Digraph	242	180	      bell	
100	0.00035	0.00002	0.00032	0.00048	   Digraph	242	180	     fbell	
100	0.00425	0.00071	0.00397	0.00910	   Digraph	242	180	      dijk	
100	0.22590	0.00392	0.21802	0.23897	   Digraph	243	180	      bell	
100	0.00042	0.00013	0.00034	0.00106	   Digraph	243	180	     fbell	
100	0.00441	0.00086	0.00395	0.01036	   Digraph	243	180	      dijk	
100	0.22364	0.00504	0.21640	0.24209	   Digraph	244	180	      bell	
100	0.00035	0.00002	0.00032	0.00044	   Digraph	244	180	     fbell	
100	0.00434	0.00067	0.00405	0.00884	   Digraph	244	180	      dijk	
100	0.22585	0.00327	0.21971	0.24549	   Digraph	245	180	      bell	
100	0.00041	0.00002	0.00038	0.00049	   Digraph	245	180	     fbell	
100	0.00452	0.00072	0.00424	0.00954	   Digraph	245	180	      dijk	
100	0.22633	0.00268	0.22039	0.23875	   Digraph	246	180	      bell	
100	0.00035	0.00002	0.00032	0.00043	   Digraph	246	180	     fbell	
100	0.00439	0.00071	0.00409	0.00919	   Digraph	246	180	      dijk	
100	0.22936	0.00280	0.22288	0.24158	   Digraph	247	180	      bell	
100	0.00036	0.00003	0.00033	0.00050	   Digraph	247	180	     fbell	
100	0.00442	0.00071	0.00417	0.00930	   Digraph	247	180	      dijk	
100	0.22938	0.00337	0.22342	0.24706	   Digraph	248	180	      bell	
100	0.00036	0.00003	0.00033	0.00052	   Digraph	248	180	     fbell	
100	0.00431	0.00059	0.00406	0.00982	   Digraph	248	180	      dijk	
100	0.26486	0.00513	0.25771	0.28534	   Digraph	249	180	      bell	
100	0.00036	0.00002	0.00033	0.00045	   Digraph	249	180	     fbell	
100	0.00431	0.00054	0.00398	0.00917	   Digraph	249	180	      dijk	
100	0.23065	0.00277	0.22855	0.24265	   Digraph	250	180	      bell	
100	0.00036	0.00002	0.00033	0.00045	   Digraph	250	180	     fbell	
100	0.00445	0.00068	0.00414	0.00902	   Digraph	250	180	      dijk	
100	0.23236	0.00230	0.22825	0.24343	   Digraph	251	180	      bell	
100	0.00042	0.00002	0.00038	0.00049	   Digraph	251	180	     fbell	
100	0.00458	0.00068	0.00428	0.00924	   Digraph	251	180	      dijk	
100	0.23591	0.00422	0.23197	0.24994	   Digraph	252	180	      bell	
100	0.00041	0.00002	0.00038	0.00047	   Digraph	252	180	     fbell	
100	0.00475	0.00076	0.00441	0.00952	   Digraph	252	180	      dijk	
100	0.23660	0.00374	0.23201	0.25361	   Digraph	253	180	      bell	
100	0.00041	0.00045	0.00034	0.00486	   Digraph	253	180	     fbell	
100	0.00449	0.00056	0.00423	0.00963	   Digraph	253	180	      dijk	
100	0.23844	0.00282	0.23533	0.25577	   Digraph	254	180	      bell	
100	0.00045	0.00049	0.00037	0.00535	   Digraph	254	180	     fbell	
100	0.00465	0.00059	0.00440	0.01023	   Digraph	254	180	      dijk	
100	0.23942	0.00270	0.23674	0.25190	   Digraph	255	180	      bell	
100	0.00046	0.00047	0.00038	0.00514	   Digraph	255	180	     fbell	
100	0.00463	0.00058	0.00439	0.01008	   Digraph	255	180	      dijk	
100	0.24043	0.00325	0.23671	0.25600	   Digraph	256	180	      bell	
100	0.00044	0.00004	0.00040	0.00075	   Digraph	256	180	     fbell	
100	0.00491	0.00071	0.00460	0.00974	   Digraph	256	180	      dijk	
100	0.24122	0.00431	0.23690	0.25842	   Digraph	257	180	      bell	
100	0.00042	0.00046	0.00034	0.00502	   Digraph	257	180	     fbell	
100	0.00456	0.00057	0.00431	0.00982	   Digraph	257	180	      dijk	
100	0.24567	0.00433	0.23947	0.26724	   Digraph	258	180	      bell	
100	0.00042	0.00046	0.00034	0.00499	   Digraph	258	180	     fbell	
100	0.00449	0.00054	0.00427	0.00948	   Digraph	258	180	      dijk	
100	0.24467	0.00367	0.24116	0.26821	   Digraph	259	180	      bell	
100	0.00037	0.00002	0.00034	0.00044	   Digraph	259	180	     fbell	
100	0.00460	0.00051	0.00426	0.00916	   Digraph	259	180	      dijk	
100	0.24606	0.00329	0.24260	0.25861	   Digraph	260	180	      bell	
100	0.00038	0.00002	0.00035	0.00044	   Digraph	260	180	     fbell	
100	0.00461	0.00067	0.00431	0.00910	   Digraph	260	180	      dijk	
100	0.24830	0.00378	0.23970	0.26538	   Digraph	261	180	      bell	
100	0.00043	0.00047	0.00034	0.00509	   Digraph	261	180	     fbell	
100	0.00464	0.00058	0.00434	0.01008	   Digraph	261	180	      dijk	
100	0.29488	0.00498	0.28593	0.30649	   Digraph	262	180	      bell	
100	0.00038	0.00002	0.00035	0.00045	   Digraph	262	180	     fbell	
100	0.00468	0.00069	0.00428	0.00920	   Digraph	262	180	      dijk	
100	0.29208	0.00372	0.28502	0.30908	   Digraph	263	180	      bell	
100	0.00042	0.00046	0.00035	0.00495	   Digraph	263	180	     fbell	
100	0.00459	0.00052	0.00423	0.00945	   Digraph	263	180	      dijk	
100	0.25163	0.00354	0.24509	0.26903	   Digraph	264	180	      bell	
100	0.00043	0.00048	0.00035	0.00515	   Digraph	264	180	     fbell	
100	0.00473	0.00059	0.00448	0.01029	   Digraph	264	180	      dijk	
100	0.25380	0.00341	0.24930	0.26397	   Digraph	265	180	      bell	
100	0.00041	0.00002	0.00038	0.00048	   Digraph	265	180	     fbell	
100	0.00475	0.00071	0.00439	0.00954	   Digraph	265	180	      dijk	
100	0.25714	0.00369	0.25100	0.26920	   Digraph	266	180	      bell	
100	0.00041	0.00003	0.00037	0.00062	   Digraph	266	180	     fbell	
100	0.00470	0.00070	0.00442	0.00952	   Digraph	266	180	      dijk	
100	0.25643	0.00334	0.25216	0.26799	   Digraph	267	180	      bell	
100	0.00038	0.00002	0.00035	0.00045	   Digraph	267	180	     fbell	
100	0.00482	0.00069	0.00456	0.00938	   Digraph	267	180	      dijk	
100	0.25896	0.00392	0.25385	0.27746	   Digraph	268	180	      bell	
100	0.00044	0.00048	0.00035	0.00517	   Digraph	268	180	     fbell	
100	0.00478	0.00057	0.00451	0.01011	   Digraph	268	180	      dijk	
100	0.26150	0.00451	0.24924	0.28599	   Digraph	269	180	      bell	
100	0.00042	0.00002	0.00038	0.00050	   Digraph	269	180	     fbell	
100	0.00476	0.00069	0.00445	0.00941	   Digraph	269	180	      dijk	
100	0.25942	0.00364	0.25496	0.27523	   Digraph	270	180	      bell	
100	0.00039	0.00002	0.00036	0.00047	   Digraph	270	180	     fbell	
100	0.00485	0.00071	0.00453	0.00944	   Digraph	270	180	      dijk	
100	0.26343	0.00448	0.25457	0.28963	   Digraph	271	180	      bell	
100	0.00040	0.00004	0.00036	0.00068	   Digraph	271	180	     fbell	
100	0.00481	0.00053	0.00454	0.00963	   Digraph	271	180	      dijk	
100	0.26468	0.00385	0.25823	0.27895	   Digraph	272	180	      bell	
100	0.00040	0.00002	0.00036	0.00047	   Digraph	272	180	     fbell	
100	0.00504	0.00394	0.00437	0.04360	   Digraph	272	180	      dijk	
100	0.26340	0.00385	0.25830	0.28335	   Digraph	273	180	      bell	
100	0.00042	0.00003	0.00038	0.00056	   Digraph	273	180	     fbell	
100	0.00479	0.00070	0.00445	0.00963	   Digraph	273	180	      dijk	
100	0.32719	0.00420	0.31971	0.33948	   Digraph	274	180	      bell	
100	0.00040	0.00002	0.00036	0.00050	   Digraph	274	180	     fbell	
100	0.00481	0.00072	0.00439	0.00957	   Digraph	274	180	      dijk	
100	0.26965	0.00417	0.26331	0.29126	   Digraph	275	180	      bell	
100	0.00042	0.00002	0.00038	0.00053	   Digraph	275	180	     fbell	
100	0.00501	0.00072	0.00466	0.00987	   Digraph	275	180	      dijk	
100	0.33071	0.00502	0.32201	0.34617	   Digraph	276	180	      bell	
100	0.00040	0.00003	0.00036	0.00054	   Digraph	276	180	     fbell	
100	0.00490	0.00071	0.00449	0.00955	   Digraph	276	180	      dijk	
100	0.26858	0.00389	0.26269	0.28167	   Digraph	277	180	      bell	
100	0.00040	0.00002	0.00036	0.00049	   Digraph	277	180	     fbell	
100	0.00500	0.00070	0.00469	0.00981	   Digraph	277	180	      dijk	
100	0.27701	0.00488	0.26333	0.29807	   Digraph	278	180	      bell	
100	0.00045	0.00047	0.00036	0.00515	   Digraph	278	180	     fbell	
100	0.00497	0.00061	0.00469	0.01061	   Digraph	278	180	      dijk	
100	0.27871	0.00378	0.27186	0.29352	   Digraph	279	180	      bell	
100	0.00046	0.00046	0.00038	0.00500	   Digraph	279	180	     fbell	
100	0.00495	0.00060	0.00467	0.01045	   Digraph	279	180	      dijk	
100	0.27562	0.00342	0.26908	0.28530	   Digraph	280	180	      bell	
100	0.00042	0.00002	0.00039	0.00049	   Digraph	280	180	     fbell	
100	0.00508	0.00053	0.00481	0.01000	   Digraph	280	180	      dijk	
100	0.27927	0.00354	0.27323	0.29357	   Digraph	281	180	      bell	
100	0.00041	0.00003	0.00038	0.00056	   Digraph	281	180	     fbell	
100	0.00503	0.00072	0.00471	0.00990	   Digraph	281	180	      dijk	
100	0.28010	0.00464	0.27306	0.30348	   Digraph	282	180	      bell	
100	0.00041	0.00002	0.00037	0.00056	   Digraph	282	180	     fbell	
100	0.00511	0.00073	0.00479	0.01025	   Digraph	282	180	      dijk	
100	0.28184	0.00351	0.27375	0.29613	   Digraph	283	180	      bell	
100	0.00041	0.00002	0.00037	0.00049	   Digraph	283	180	     fbell	
100	0.00502	0.00071	0.00471	0.00990	   Digraph	283	180	      dijk	
100	0.35374	0.00736	0.34226	0.39238	   Digraph	284	180	      bell	
100	0.00040	0.00003	0.00037	0.00054	   Digraph	284	180	     fbell	
100	0.00497	0.00075	0.00454	0.01000	   Digraph	284	180	      dijk	
100	0.35970	0.00624	0.34667	0.39596	   Digraph	285	180	      bell	
100	0.00050	0.00048	0.00042	0.00522	   Digraph	285	180	     fbell	
100	0.00510	0.00061	0.00472	0.01068	   Digraph	285	180	      dijk	
100	0.28694	0.00427	0.27879	0.31033	   Digraph	286	180	      bell	
100	0.00041	0.00002	0.00037	0.00048	   Digraph	286	180	     fbell	
100	0.00512	0.00083	0.00475	0.01139	   Digraph	286	180	      dijk	
100	0.28987	0.00433	0.28232	0.31371	   Digraph	287	180	      bell	
100	0.00043	0.00003	0.00039	0.00059	   Digraph	287	180	     fbell	
100	0.00551	0.00350	0.00473	0.03946	   Digraph	287	180	      dijk	
100	0.28785	0.00749	0.27903	0.33258	   Digraph	288	180	      bell	
100	0.00041	0.00002	0.00038	0.00051	   Digraph	288	180	     fbell	
100	0.00518	0.00071	0.00487	0.00999	   Digraph	288	180	      dijk	
100	0.29265	0.00404	0.28348	0.30745	   Digraph	289	180	      bell	
100	0.00042	0.00002	0.00038	0.00052	   Digraph	289	180	     fbell	
100	0.00512	0.00069	0.00480	0.00962	   Digraph	289	180	      dijk	
100	0.29199	0.00448	0.28302	0.31838	   Digraph	290	180	      bell	
100	0.00043	0.00002	0.00040	0.00051	   Digraph	290	180	     fbell	
100	0.00516	0.00069	0.00479	0.00973	   Digraph	290	180	      dijk	
100	0.29641	0.00581	0.28634	0.32489	   Digraph	291	180	      bell	
100	0.00047	0.00045	0.00038	0.00496	   Digraph	291	180	     fbell	
100	0.00522	0.00075	0.00490	0.01054	   Digraph	291	180	      dijk	
100	0.29636	0.00380	0.29090	0.31678	   Digraph	292	180	      bell	
100	0.00042	0.00002	0.00039	0.00051	   Digraph	292	180	     fbell	
100	0.00521	0.00073	0.00488	0.01025	   Digraph	292	180	      dijk	
100	0.29796	0.00299	0.29241	0.31578	   Digraph	293	180	      bell	
100	0.00043	0.00002	0.00039	0.00053	   Digraph	293	180	     fbell	
100	0.00525	0.00069	0.00497	0.00988	   Digraph	293	180	      dijk	
100	0.29855	0.00373	0.28814	0.32145	   Digraph	294	180	      bell	
100	0.00042	0.00002	0.00039	0.00051	   Digraph	294	180	     fbell	
100	0.00526	0.00068	0.00496	0.00979	   Digraph	294	180	      dijk	
100	0.30515	0.00645	0.29593	0.32886	   Digraph	295	180	      bell	
100	0.00044	0.00003	0.00039	0.00051	   Digraph	295	180	     fbell	
100	0.00534	0.00069	0.00475	0.01002	   Digraph	295	180	      dijk	
100	0.30194	0.00534	0.29463	0.32465	   Digraph	296	180	      bell	
100	0.00042	0.00002	0.00039	0.00049	   Digraph	296	180	     fbell	
100	0.00519	0.00050	0.00494	0.00964	   Digraph	296	180	      dijk	
100	0.30732	0.00565	0.29941	0.33010	   Digraph	297	180	      bell	
100	0.00045	0.00002	0.00041	0.00051	   Digraph	297	180	     fbell	
100	0.00528	0.00050	0.00500	0.00985	   Digraph	297	180	      dijk	
100	0.28938	0.00518	0.28234	0.31824	   Digraph	298	180	      bell	
100	0.00045	0.00002	0.00041	0.00051	   Digraph	298	180	     fbell	
100	0.00525	0.00050	0.00502	0.00986	   Digraph	298	180	      dijk	
100	0.29244	0.00725	0.26791	0.32506	   Digraph	299	180	      bell	
100	0.00043	0.00002	0.00040	0.00051	   Digraph	299	180	     fbell	
100	0.00519	0.00051	0.00496	0.00992	   Digraph	299	180	      dijk	
100	0.29262	0.00497	0.28677	0.31532	   Digraph	300	180	      bell	
100	0.00043	0.00002	0.00039	0.00050	   Digraph	300	180	     fbell	
100	0.00519	0.00049	0.00498	0.00973	   Digraph	300	180	      dijk	
