REP AVG STDV    MIN MAX GRAPH   ORDER   SIZE    AG
100	0.01335	0.00255	0.01118	0.02269	   Digraph	050	060	      bell
100	0.00013	0.00001	0.00012	0.00017	   Digraph	050	060	     fbell	
100	0.00089	0.00002	0.00087	0.00097	   Digraph	050	060	      dijk	
100	0.01247	0.00157	0.01158	0.01670	   Digraph	050	063	      bell	
100	0.00011	0.00001	0.00010	0.00016	   Digraph	050	063	     fbell	
100	0.00089	0.00002	0.00088	0.00096	   Digraph	050	063	      dijk	
100	0.01274	0.00158	0.01189	0.01709	   Digraph	050	066	      bell	
100	0.00015	0.00001	0.00014	0.00023	   Digraph	050	066	     fbell	
100	0.00096	0.00002	0.00094	0.00108	   Digraph	050	066	      dijk	
100	0.01307	0.00158	0.01220	0.01739	   Digraph	050	069	      bell	
100	0.00019	0.00001	0.00018	0.00027	   Digraph	050	069	     fbell	
100	0.00110	0.00044	0.00102	0.00547	   Digraph	050	069	      dijk	
100	0.01349	0.00177	0.01252	0.02143	   Digraph	050	072	      bell	
100	0.00007	0.00001	0.00007	0.00010	   Digraph	050	072	     fbell	
100	0.00079	0.00002	0.00077	0.00087	   Digraph	050	072	      dijk	
100	0.01379	0.00172	0.01281	0.01845	   Digraph	050	075	      bell	
100	0.00008	0.00001	0.00007	0.00013	   Digraph	050	075	     fbell	
100	0.00079	0.00002	0.00078	0.00085	   Digraph	050	075	      dijk	
100	0.01418	0.00181	0.01314	0.02064	   Digraph	050	078	      bell	
100	0.00008	0.00001	0.00007	0.00011	   Digraph	050	078	     fbell	
100	0.00080	0.00002	0.00078	0.00086	   Digraph	050	078	      dijk	
100	0.01451	0.00177	0.01354	0.02020	   Digraph	050	081	      bell	
100	0.00008	0.00001	0.00008	0.00013	   Digraph	050	081	     fbell	
100	0.00083	0.00044	0.00076	0.00519	   Digraph	050	081	      dijk	
100	0.01488	0.00397	0.01193	0.04969	   Digraph	050	084	      bell	
100	0.00024	0.00001	0.00023	0.00030	   Digraph	050	084	     fbell	
100	0.00116	0.00002	0.00114	0.00121	   Digraph	050	084	      dijk	
100	0.01497	0.00176	0.01390	0.01984	   Digraph	050	087	      bell	
100	0.00023	0.00046	0.00018	0.00476	   Digraph	050	087	     fbell	
100	0.00110	0.00002	0.00108	0.00115	   Digraph	050	087	      dijk	
100	0.01506	0.00180	0.01402	0.02200	   Digraph	050	090	      bell	
100	0.00026	0.00001	0.00025	0.00029	   Digraph	050	090	     fbell	
100	0.00121	0.00002	0.00119	0.00130	   Digraph	050	090	      dijk	
100	0.01556	0.00180	0.01458	0.01985	   Digraph	050	093	      bell	
100	0.00024	0.00001	0.00023	0.00028	   Digraph	050	093	     fbell	
100	0.00116	0.00003	0.00114	0.00142	   Digraph	050	093	      dijk	
100	0.01604	0.00186	0.01491	0.02042	   Digraph	050	096	      bell	
100	0.00027	0.00001	0.00026	0.00030	   Digraph	050	096	     fbell	
100	0.00123	0.00002	0.00120	0.00130	   Digraph	050	096	      dijk	
100	0.01629	0.00186	0.01523	0.02230	   Digraph	050	099	      bell	
100	0.00025	0.00001	0.00024	0.00031	   Digraph	050	099	     fbell	
100	0.00122	0.00046	0.00115	0.00581	   Digraph	050	099	      dijk	
100	0.01675	0.00194	0.01563	0.02438	   Digraph	050	102	      bell	
100	0.00029	0.00001	0.00027	0.00034	   Digraph	050	102	     fbell	
100	0.00120	0.00003	0.00117	0.00130	   Digraph	050	102	      dijk	
100	0.01712	0.00199	0.01583	0.02393	   Digraph	050	105	      bell	
100	0.00023	0.00001	0.00022	0.00032	   Digraph	050	105	     fbell	
100	0.00121	0.00044	0.00114	0.00559	   Digraph	050	105	      dijk	
100	0.01735	0.00200	0.01609	0.02544	   Digraph	050	108	      bell	
100	0.00026	0.00001	0.00025	0.00032	   Digraph	050	108	     fbell	
100	0.00123	0.00046	0.00116	0.00575	   Digraph	050	108	      dijk	
100	0.01778	0.00333	0.01451	0.04418	   Digraph	050	111	      bell	
100	0.00028	0.00001	0.00027	0.00034	   Digraph	050	111	     fbell	
100	0.00124	0.00046	0.00117	0.00586	   Digraph	050	111	      dijk	
100	0.01828	0.00212	0.01696	0.02665	   Digraph	050	114	      bell	
100	0.00008	0.00001	0.00007	0.00014	   Digraph	050	114	     fbell	
100	0.00085	0.00003	0.00082	0.00111	   Digraph	050	114	      dijk	
100	0.01806	0.00187	0.01695	0.02247	   Digraph	050	117	      bell	
100	0.00030	0.00001	0.00029	0.00036	   Digraph	050	117	     fbell	
100	0.00123	0.00002	0.00121	0.00130	   Digraph	050	117	      dijk	
100	0.01873	0.00216	0.01742	0.02587	   Digraph	050	120	      bell	
100	0.00031	0.00001	0.00029	0.00037	   Digraph	050	120	     fbell	
100	0.00126	0.00002	0.00123	0.00136	   Digraph	050	120	      dijk	
100	0.01899	0.00209	0.01771	0.02469	   Digraph	050	123	      bell	
100	0.00029	0.00001	0.00028	0.00036	   Digraph	050	123	     fbell	
100	0.00128	0.00002	0.00126	0.00139	   Digraph	050	123	      dijk	
100	0.01908	0.00192	0.01784	0.02365	   Digraph	050	126	      bell	
100	0.00031	0.00001	0.00030	0.00035	   Digraph	050	126	     fbell	
100	0.00129	0.00002	0.00127	0.00135	   Digraph	050	126	      dijk	
100	0.01950	0.00198	0.01830	0.02418	   Digraph	050	129	      bell	
100	0.00031	0.00001	0.00030	0.00035	   Digraph	050	129	     fbell	
100	0.00121	0.00002	0.00119	0.00130	   Digraph	050	129	      dijk	
100	0.02010	0.00223	0.01880	0.03016	   Digraph	050	132	      bell	
100	0.00012	0.00043	0.00007	0.00442	   Digraph	050	132	     fbell	
100	0.00083	0.00002	0.00081	0.00090	   Digraph	050	132	      dijk	
100	0.02058	0.00314	0.01670	0.04261	   Digraph	050	135	      bell	
100	0.00036	0.00002	0.00035	0.00044	   Digraph	050	135	     fbell	
100	0.00127	0.00003	0.00125	0.00144	   Digraph	050	135	      dijk	
100	0.02054	0.00215	0.01914	0.02483	   Digraph	050	138	      bell	
100	0.00033	0.00001	0.00031	0.00037	   Digraph	050	138	     fbell	
100	0.00128	0.00004	0.00124	0.00147	   Digraph	050	138	      dijk	
100	0.02084	0.00218	0.01946	0.02752	   Digraph	050	141	      bell	
100	0.00036	0.00045	0.00030	0.00486	   Digraph	050	141	     fbell	
100	0.00128	0.00002	0.00126	0.00140	   Digraph	050	141	      dijk	
100	0.02121	0.00213	0.01983	0.02985	   Digraph	050	144	      bell	
100	0.00040	0.00001	0.00038	0.00045	   Digraph	050	144	     fbell	
100	0.00126	0.00003	0.00124	0.00137	   Digraph	050	144	      dijk	
100	0.02136	0.00205	0.02007	0.02591	   Digraph	050	147	      bell	
100	0.00043	0.00001	0.00041	0.00049	   Digraph	050	147	     fbell	
100	0.00135	0.00002	0.00132	0.00143	   Digraph	050	147	      dijk	
100	0.02177	0.00220	0.02040	0.03089	   Digraph	050	150	      bell	
100	0.00035	0.00002	0.00033	0.00040	   Digraph	050	150	     fbell	
100	0.00128	0.00002	0.00126	0.00137	   Digraph	050	150	      dijk	
100	0.02206	0.00223	0.02069	0.03085	   Digraph	050	153	      bell	
100	0.00057	0.00002	0.00055	0.00062	   Digraph	050	153	     fbell	
100	0.00132	0.00002	0.00129	0.00141	   Digraph	050	153	      dijk	
100	0.02315	0.00332	0.02125	0.04736	   Digraph	050	156	      bell	
100	0.00037	0.00001	0.00037	0.00047	   Digraph	050	156	     fbell	
100	0.00126	0.00002	0.00125	0.00138	   Digraph	050	156	      dijk	
100	0.02274	0.00226	0.01885	0.02830	   Digraph	050	159	      bell	
100	0.00039	0.00002	0.00038	0.00048	   Digraph	050	159	     fbell	
100	0.00135	0.00003	0.00132	0.00146	   Digraph	050	159	      dijk	
100	0.02332	0.00223	0.02164	0.02810	   Digraph	050	162	      bell	
100	0.00044	0.00001	0.00042	0.00050	   Digraph	050	162	     fbell	
100	0.00140	0.00045	0.00132	0.00581	   Digraph	050	162	      dijk	
100	0.02329	0.00230	0.02185	0.03458	   Digraph	050	165	      bell	
100	0.00042	0.00002	0.00041	0.00051	   Digraph	050	165	     fbell	
100	0.00133	0.00002	0.00131	0.00139	   Digraph	050	165	      dijk	
100	0.02377	0.00216	0.02228	0.02983	   Digraph	050	168	      bell	
100	0.00040	0.00002	0.00038	0.00048	   Digraph	050	168	     fbell	
100	0.00134	0.00002	0.00132	0.00140	   Digraph	050	168	      dijk	
100	0.02408	0.00235	0.02238	0.03095	   Digraph	050	171	      bell	
100	0.00049	0.00002	0.00047	0.00055	   Digraph	050	171	     fbell	
100	0.00136	0.00047	0.00129	0.00604	   Digraph	050	171	      dijk	
100	0.02446	0.00255	0.02257	0.03453	   Digraph	050	174	      bell	
100	0.00051	0.00005	0.00048	0.00093	   Digraph	050	174	     fbell	
100	0.00147	0.00050	0.00131	0.00579	   Digraph	050	174	      dijk	
100	0.02490	0.00369	0.02044	0.05212	   Digraph	050	177	      bell	
100	0.00044	0.00006	0.00040	0.00078	   Digraph	050	177	     fbell	
100	0.00143	0.00026	0.00133	0.00317	   Digraph	050	177	      dijk	
100	0.02534	0.00219	0.02350	0.03059	   Digraph	050	180	      bell	
100	0.00041	0.00002	0.00039	0.00047	   Digraph	050	180	     fbell	
100	0.00137	0.00002	0.00134	0.00151	   Digraph	050	180	      dijk	
100	0.02533	0.00223	0.02374	0.03001	   Digraph	050	183	      bell	
100	0.00042	0.00002	0.00040	0.00048	   Digraph	050	183	     fbell	
100	0.00135	0.00002	0.00132	0.00142	   Digraph	050	183	      dijk	
100	0.02591	0.00235	0.02406	0.03306	   Digraph	050	186	      bell	
100	0.00044	0.00002	0.00043	0.00050	   Digraph	050	186	     fbell	
100	0.00132	0.00046	0.00125	0.00592	   Digraph	050	186	      dijk	
100	0.02613	0.00236	0.02447	0.03422	   Digraph	050	189	      bell	
100	0.00041	0.00002	0.00040	0.00046	   Digraph	050	189	     fbell	
100	0.00136	0.00003	0.00133	0.00151	   Digraph	050	189	      dijk	
100	0.02679	0.00257	0.02485	0.03677	   Digraph	050	192	      bell	
100	0.00041	0.00002	0.00040	0.00046	   Digraph	050	192	     fbell	
100	0.00130	0.00002	0.00128	0.00135	   Digraph	050	192	      dijk	
100	0.02699	0.00333	0.02235	0.04902	   Digraph	050	195	      bell	
100	0.00048	0.00002	0.00047	0.00054	   Digraph	050	195	     fbell	
100	0.00136	0.00003	0.00133	0.00151	   Digraph	050	195	      dijk	
100	0.02714	0.00236	0.02543	0.03503	   Digraph	050	198	      bell	
100	0.00061	0.00002	0.00060	0.00067	   Digraph	050	198	     fbell	
100	0.00138	0.00002	0.00136	0.00146	   Digraph	050	198	      dijk	
100	0.02743	0.00238	0.02569	0.03499	   Digraph	050	201	      bell	
100	0.00048	0.00002	0.00046	0.00056	   Digraph	050	201	     fbell	
100	0.00139	0.00003	0.00136	0.00152	   Digraph	050	201	      dijk	
100	0.02760	0.00243	0.02581	0.03693	   Digraph	050	204	      bell	
100	0.00054	0.00002	0.00052	0.00059	   Digraph	050	204	     fbell	
100	0.00142	0.00044	0.00134	0.00582	   Digraph	050	204	      dijk	
100	0.02818	0.00249	0.02634	0.03676	   Digraph	050	207	      bell	
100	0.00047	0.00002	0.00045	0.00055	   Digraph	050	207	     fbell	
100	0.00145	0.00045	0.00138	0.00593	   Digraph	050	207	      dijk	
100	0.02831	0.00232	0.02655	0.03401	   Digraph	050	210	      bell	
100	0.00059	0.00002	0.00058	0.00066	   Digraph	050	210	     fbell	
100	0.00138	0.00003	0.00136	0.00151	   Digraph	050	210	      dijk	
100	0.02876	0.00319	0.02382	0.04939	   Digraph	050	213	      bell	
100	0.00058	0.00002	0.00057	0.00064	   Digraph	050	213	     fbell	
100	0.00151	0.00044	0.00144	0.00588	   Digraph	050	213	      dijk	
100	0.02888	0.00254	0.02700	0.03958	   Digraph	050	216	      bell	
100	0.00058	0.00002	0.00056	0.00065	   Digraph	050	216	     fbell	
100	0.00138	0.00002	0.00135	0.00145	   Digraph	050	216	      dijk	
100	0.02920	0.00240	0.02736	0.03501	   Digraph	050	219	      bell	
100	0.00046	0.00002	0.00044	0.00052	   Digraph	050	219	     fbell	
100	0.00133	0.00002	0.00131	0.00141	   Digraph	050	219	      dijk	
100	0.02957	0.00239	0.02770	0.03551	   Digraph	050	222	      bell	
100	0.00061	0.00011	0.00054	0.00100	   Digraph	050	222	     fbell	
100	0.00137	0.00003	0.00134	0.00148	   Digraph	050	222	      dijk	
100	0.03009	0.00244	0.02817	0.03664	   Digraph	050	225	      bell	
100	0.00057	0.00002	0.00055	0.00063	   Digraph	050	225	     fbell	
100	0.00141	0.00002	0.00138	0.00150	   Digraph	050	225	      dijk	
100	0.03050	0.00333	0.02530	0.05103	   Digraph	050	228	      bell	
100	0.00055	0.00002	0.00053	0.00061	   Digraph	050	228	     fbell	
100	0.00144	0.00002	0.00142	0.00150	   Digraph	050	228	      dijk	
100	0.03049	0.00248	0.02849	0.03747	   Digraph	050	231	      bell	
100	0.00045	0.00002	0.00043	0.00052	   Digraph	050	231	     fbell	
100	0.00145	0.00044	0.00137	0.00586	   Digraph	050	231	      dijk	
100	0.03079	0.00262	0.02878	0.04288	   Digraph	050	234	      bell	
100	0.00045	0.00002	0.00044	0.00056	   Digraph	050	234	     fbell	
100	0.00143	0.00003	0.00140	0.00158	   Digraph	050	234	      dijk	
100	0.03135	0.00254	0.02931	0.03945	   Digraph	050	237	      bell	
100	0.00057	0.00002	0.00055	0.00062	   Digraph	050	237	     fbell	
100	0.00140	0.00003	0.00137	0.00153	   Digraph	050	237	      dijk	
100	0.03176	0.00257	0.02967	0.03932	   Digraph	050	240	      bell	
100	0.00058	0.00002	0.00056	0.00064	   Digraph	050	240	     fbell	
100	0.00144	0.00003	0.00141	0.00152	   Digraph	050	240	      dijk	
100	0.03216	0.00256	0.03009	0.04002	   Digraph	050	243	      bell	
100	0.00066	0.00002	0.00064	0.00071	   Digraph	050	243	     fbell	
100	0.00180	0.00338	0.00143	0.03545	   Digraph	050	243	      dijk	
100	0.03197	0.00249	0.02699	0.03700	   Digraph	050	246	      bell	
100	0.00051	0.00002	0.00050	0.00057	   Digraph	050	246	     fbell	
100	0.00143	0.00002	0.00141	0.00154	   Digraph	050	246	      dijk	
100	0.03254	0.00258	0.03042	0.03908	   Digraph	050	249	      bell	
100	0.00051	0.00002	0.00050	0.00062	   Digraph	050	249	     fbell	
100	0.00159	0.00057	0.00145	0.00712	   Digraph	050	249	      dijk	
100	0.03263	0.00281	0.03051	0.04782	   Digraph	050	252	      bell	
100	0.00056	0.00002	0.00055	0.00063	   Digraph	050	252	     fbell	
100	0.00148	0.00046	0.00140	0.00603	   Digraph	050	252	      dijk	
100	0.03309	0.00273	0.03093	0.04578	   Digraph	050	255	      bell	
100	0.00056	0.00002	0.00054	0.00062	   Digraph	050	255	     fbell	
100	0.00142	0.00002	0.00140	0.00152	   Digraph	050	255	      dijk	
100	0.03350	0.00271	0.03121	0.04228	   Digraph	050	258	      bell	
100	0.00056	0.00002	0.00054	0.00062	   Digraph	050	258	     fbell	
100	0.00151	0.00044	0.00143	0.00592	   Digraph	050	258	      dijk	
100	0.03399	0.00382	0.02823	0.05996	   Digraph	050	261	      bell	
100	0.00050	0.00002	0.00048	0.00055	   Digraph	050	261	     fbell	
100	0.00151	0.00046	0.00144	0.00605	   Digraph	050	261	      dijk	
100	0.03432	0.00262	0.03201	0.04446	   Digraph	050	264	      bell	
100	0.00055	0.00002	0.00053	0.00062	   Digraph	050	264	     fbell	
100	0.00142	0.00003	0.00139	0.00155	   Digraph	050	264	      dijk	
100	0.03447	0.00246	0.03225	0.04022	   Digraph	050	267	      bell	
100	0.00078	0.00002	0.00076	0.00083	   Digraph	050	267	     fbell	
100	0.00146	0.00003	0.00143	0.00164	   Digraph	050	267	      dijk	
100	0.03494	0.00269	0.03260	0.04534	   Digraph	050	270	      bell	
100	0.00071	0.00002	0.00069	0.00080	   Digraph	050	270	     fbell	
100	0.00144	0.00003	0.00141	0.00152	   Digraph	050	270	      dijk	
100	0.03527	0.00255	0.03303	0.04212	   Digraph	050	273	      bell	
100	0.00077	0.00002	0.00074	0.00082	   Digraph	050	273	     fbell	
100	0.00159	0.00044	0.00151	0.00594	   Digraph	050	273	      dijk	
100	0.03588	0.00395	0.02960	0.06259	   Digraph	050	276	      bell	
100	0.00062	0.00047	0.00055	0.00527	   Digraph	050	276	     fbell	
100	0.00143	0.00004	0.00140	0.00172	   Digraph	050	276	      dijk	
100	0.03582	0.00263	0.03343	0.04318	   Digraph	050	279	      bell	
100	0.00057	0.00002	0.00056	0.00065	   Digraph	050	279	     fbell	
100	0.00152	0.00003	0.00149	0.00161	   Digraph	050	279	      dijk	
100	0.03641	0.00265	0.03401	0.04479	   Digraph	050	282	      bell	
100	0.00061	0.00002	0.00060	0.00066	   Digraph	050	282	     fbell	
100	0.00154	0.00046	0.00147	0.00615	   Digraph	050	282	      dijk	
100	0.03688	0.00269	0.03441	0.04410	   Digraph	050	285	      bell	
100	0.00078	0.00003	0.00075	0.00087	   Digraph	050	285	     fbell	
100	0.00151	0.00003	0.00148	0.00164	   Digraph	050	285	      dijk	
100	0.03659	0.00252	0.03407	0.04134	   Digraph	050	288	      bell	
100	0.00070	0.00002	0.00068	0.00078	   Digraph	050	288	     fbell	
100	0.00147	0.00003	0.00145	0.00158	   Digraph	050	288	      dijk	
100	0.03712	0.00297	0.03088	0.05316	   Digraph	050	291	      bell	
100	0.00088	0.00002	0.00086	0.00094	   Digraph	050	291	     fbell	
100	0.00143	0.00003	0.00140	0.00155	   Digraph	050	291	      dijk	
100	0.03732	0.00257	0.03499	0.04650	   Digraph	050	294	      bell	
100	0.00064	0.00044	0.00058	0.00506	   Digraph	050	294	     fbell	
100	0.00148	0.00003	0.00145	0.00158	   Digraph	050	294	      dijk	
100	0.03765	0.00256	0.03529	0.04584	   Digraph	050	297	      bell	
100	0.00073	0.00002	0.00072	0.00081	   Digraph	050	297	     fbell	
100	0.00151	0.00004	0.00148	0.00167	   Digraph	050	297	      dijk	
100	0.03832	0.00271	0.03572	0.04784	   Digraph	050	300	      bell	
100	0.00065	0.00002	0.00063	0.00073	   Digraph	050	300	     fbell	
100	0.00158	0.00047	0.00150	0.00621	   Digraph	050	300	      dijk	
100	0.03871	0.00317	0.03209	0.05575	   Digraph	050	303	      bell	
100	0.00072	0.00002	0.00070	0.00078	   Digraph	050	303	     fbell	
100	0.00151	0.00003	0.00148	0.00166	   Digraph	050	303	      dijk	
100	0.03889	0.00287	0.03608	0.04625	   Digraph	050	306	      bell	
100	0.00067	0.00002	0.00065	0.00075	   Digraph	050	306	     fbell	
100	0.00156	0.00004	0.00152	0.00179	   Digraph	050	306	      dijk	
100	0.03888	0.00277	0.03629	0.05153	   Digraph	050	309	      bell	
100	0.00079	0.00002	0.00076	0.00087	   Digraph	050	309	     fbell	
100	0.00152	0.00002	0.00149	0.00158	   Digraph	050	309	      dijk	
100	0.03901	0.00264	0.03638	0.04932	   Digraph	050	312	      bell	
100	0.00053	0.00002	0.00051	0.00059	   Digraph	050	312	     fbell	
100	0.00149	0.00003	0.00147	0.00159	   Digraph	050	312	      dijk	
100	0.03964	0.00305	0.03303	0.05425	   Digraph	050	315	      bell	
100	0.00062	0.00001	0.00062	0.00071	   Digraph	050	315	     fbell	
100	0.00152	0.00047	0.00142	0.00620	   Digraph	050	315	      dijk	
100	0.03998	0.00268	0.03730	0.04491	   Digraph	050	318	      bell	
100	0.00085	0.00002	0.00083	0.00091	   Digraph	050	318	     fbell	
100	0.00157	0.00003	0.00154	0.00169	   Digraph	050	318	      dijk	
100	0.04051	0.00293	0.03768	0.05236	   Digraph	050	321	      bell	
100	0.00065	0.00002	0.00063	0.00069	   Digraph	050	321	     fbell	
100	0.00158	0.00046	0.00149	0.00617	   Digraph	050	321	      dijk	
100	0.04091	0.00290	0.03777	0.05254	   Digraph	050	324	      bell	
100	0.00082	0.00007	0.00076	0.00121	   Digraph	050	324	     fbell	
100	0.00153	0.00024	0.00143	0.00301	   Digraph	050	324	      dijk	
100	0.04181	0.00350	0.03838	0.05290	   Digraph	050	327	      bell	
100	0.00085	0.00003	0.00082	0.00104	   Digraph	050	327	     fbell	
100	0.00150	0.00003	0.00146	0.00168	   Digraph	050	327	      dijk	
100	0.04165	0.00357	0.03458	0.06414	   Digraph	050	330	      bell	
100	0.00065	0.00002	0.00063	0.00076	   Digraph	050	330	     fbell	
100	0.00152	0.00003	0.00149	0.00160	   Digraph	050	330	      dijk	
100	0.04156	0.00268	0.03878	0.04984	   Digraph	050	333	      bell	
100	0.00066	0.00002	0.00064	0.00073	   Digraph	050	333	     fbell	
100	0.00150	0.00003	0.00147	0.00160	   Digraph	050	333	      dijk	
100	0.04181	0.00278	0.03907	0.05390	   Digraph	050	336	      bell	
100	0.00057	0.00002	0.00055	0.00064	   Digraph	050	336	     fbell	
100	0.00154	0.00003	0.00151	0.00162	   Digraph	050	336	      dijk	
100	0.04248	0.00279	0.03971	0.05538	   Digraph	050	339	      bell	
100	0.00061	0.00002	0.00060	0.00069	   Digraph	050	339	     fbell	
100	0.00151	0.00003	0.00148	0.00163	   Digraph	050	339	      dijk	
100	0.04304	0.00326	0.03653	0.06169	   Digraph	050	342	      bell	
100	0.00076	0.00003	0.00074	0.00086	   Digraph	050	342	     fbell	
100	0.00159	0.00005	0.00152	0.00174	   Digraph	050	342	      dijk	
100	0.04278	0.00264	0.03982	0.05031	   Digraph	050	345	      bell	
100	0.00075	0.00002	0.00073	0.00087	   Digraph	050	345	     fbell	
100	0.00159	0.00044	0.00151	0.00597	   Digraph	050	345	      dijk	
100	0.04324	0.00279	0.04041	0.05593	   Digraph	050	348	      bell	
100	0.00065	0.00002	0.00063	0.00075	   Digraph	050	348	     fbell	
100	0.00156	0.00003	0.00152	0.00164	   Digraph	050	348	      dijk	
100	0.04399	0.00259	0.04123	0.05222	   Digraph	050	351	      bell	
100	0.00075	0.00002	0.00072	0.00081	   Digraph	050	351	     fbell	
100	0.00157	0.00046	0.00149	0.00618	   Digraph	050	351	      dijk	
100	0.04452	0.00338	0.03700	0.06115	   Digraph	050	354	      bell	
100	0.00072	0.00002	0.00070	0.00082	   Digraph	050	354	     fbell	
100	0.00161	0.00003	0.00158	0.00171	   Digraph	050	354	      dijk	
100	0.04423	0.00272	0.04152	0.05638	   Digraph	050	357	      bell	
100	0.00078	0.00002	0.00076	0.00085	   Digraph	050	357	     fbell	
100	0.00165	0.00045	0.00157	0.00608	   Digraph	050	357	      dijk	
100	0.04520	0.00325	0.04179	0.05826	   Digraph	050	360	      bell	
100	0.00068	0.00003	0.00066	0.00089	   Digraph	050	360	     fbell	
100	0.00155	0.00004	0.00151	0.00172	   Digraph	050	360	      dijk	
100	0.04539	0.00352	0.04171	0.05985	   Digraph	050	363	      bell	
100	0.00071	0.00002	0.00069	0.00082	   Digraph	050	363	     fbell	
100	0.00156	0.00003	0.00153	0.00166	   Digraph	050	363	      dijk	
100	0.04560	0.00319	0.04231	0.05890	   Digraph	050	366	      bell	
100	0.00086	0.00002	0.00084	0.00094	   Digraph	050	366	     fbell	
100	0.00161	0.00003	0.00158	0.00168	   Digraph	050	366	      dijk	
100	0.04573	0.00363	0.03830	0.06851	   Digraph	050	369	      bell	
100	0.00067	0.00002	0.00065	0.00076	   Digraph	050	369	     fbell	
100	0.00151	0.00003	0.00149	0.00158	   Digraph	050	369	      dijk	
100	0.04649	0.00299	0.04312	0.05847	   Digraph	050	372	      bell	
100	0.00076	0.00002	0.00074	0.00084	   Digraph	050	372	     fbell	
100	0.00155	0.00004	0.00152	0.00171	   Digraph	050	372	      dijk	
100	0.04679	0.00292	0.04364	0.05981	   Digraph	050	375	      bell	
100	0.00066	0.00002	0.00065	0.00073	   Digraph	050	375	     fbell	
100	0.00161	0.00004	0.00157	0.00170	   Digraph	050	375	      dijk	
100	0.04727	0.00296	0.04407	0.06050	   Digraph	050	378	      bell	
100	0.00069	0.00002	0.00067	0.00078	   Digraph	050	378	     fbell	
100	0.00164	0.00047	0.00156	0.00627	   Digraph	050	378	      dijk	
100	0.04705	0.00335	0.03902	0.06322	   Digraph	050	381	      bell	
100	0.00090	0.00004	0.00087	0.00105	   Digraph	050	381	     fbell	
100	0.00156	0.00003	0.00154	0.00166	   Digraph	050	381	      dijk	
100	0.04677	0.00257	0.04367	0.05508	   Digraph	050	384	      bell	
100	0.00090	0.00002	0.00088	0.00100	   Digraph	050	384	     fbell	
100	0.00159	0.00003	0.00157	0.00170	   Digraph	050	384	      dijk	
100	0.04782	0.00310	0.04414	0.06094	   Digraph	050	387	      bell	
100	0.00065	0.00002	0.00063	0.00075	   Digraph	050	387	     fbell	
100	0.00158	0.00004	0.00155	0.00172	   Digraph	050	387	      dijk	
100	0.04771	0.00273	0.04448	0.05959	   Digraph	050	390	      bell	
100	0.00073	0.00004	0.00070	0.00089	   Digraph	050	390	     fbell	
100	0.00157	0.00003	0.00153	0.00171	   Digraph	050	390	      dijk	
100	0.04794	0.00334	0.04034	0.06463	   Digraph	050	393	      bell	
100	0.00087	0.00003	0.00085	0.00097	   Digraph	050	393	     fbell	
100	0.00162	0.00003	0.00159	0.00173	   Digraph	050	393	      dijk	
100	0.04832	0.00293	0.04490	0.06275	   Digraph	050	396	      bell	
100	0.00086	0.00002	0.00084	0.00095	   Digraph	050	396	     fbell	
100	0.00161	0.00003	0.00158	0.00169	   Digraph	050	396	      dijk	
100	0.04877	0.00265	0.04507	0.05714	   Digraph	050	399	      bell	
100	0.00065	0.00002	0.00064	0.00072	   Digraph	050	399	     fbell	
100	0.00154	0.00003	0.00151	0.00162	   Digraph	050	399	      dijk	
100	0.04929	0.00260	0.04595	0.05675	   Digraph	050	402	      bell	
100	0.00072	0.00002	0.00071	0.00079	   Digraph	050	402	     fbell	
100	0.00156	0.00003	0.00153	0.00169	   Digraph	050	402	      dijk	
100	0.04966	0.00292	0.04614	0.06420	   Digraph	050	405	      bell	
100	0.00085	0.00006	0.00082	0.00127	   Digraph	050	405	     fbell	
100	0.00163	0.00004	0.00160	0.00193	   Digraph	050	405	      dijk	
100	0.04993	0.00368	0.04169	0.07181	   Digraph	050	408	      bell	
100	0.00080	0.00003	0.00077	0.00092	   Digraph	050	408	     fbell	
100	0.00161	0.00004	0.00158	0.00177	   Digraph	050	408	      dijk	
100	0.05043	0.00278	0.04686	0.05686	   Digraph	050	411	      bell	
100	0.00089	0.00047	0.00082	0.00554	   Digraph	050	411	     fbell	
100	0.00161	0.00003	0.00158	0.00174	   Digraph	050	411	      dijk	
100	0.05090	0.00285	0.04654	0.06288	   Digraph	050	414	      bell	
100	0.00092	0.00003	0.00090	0.00108	   Digraph	050	414	     fbell	
100	0.00160	0.00003	0.00158	0.00170	   Digraph	050	414	      dijk	
100	0.05048	0.00260	0.04709	0.05763	   Digraph	050	417	      bell	
100	0.00098	0.00044	0.00091	0.00533	   Digraph	050	417	     fbell	
100	0.00162	0.00004	0.00159	0.00181	   Digraph	050	417	      dijk	
100	0.05112	0.00310	0.04704	0.06550	   Digraph	050	420	      bell	
100	0.00087	0.00002	0.00085	0.00096	   Digraph	050	420	     fbell	
100	0.00164	0.00003	0.00161	0.00176	   Digraph	050	420	      dijk	
100	0.05117	0.00268	0.04763	0.05898	   Digraph	050	423	      bell	
100	0.00089	0.00003	0.00087	0.00100	   Digraph	050	423	     fbell	
100	0.00161	0.00003	0.00159	0.00171	   Digraph	050	423	      dijk	
100	0.05188	0.00259	0.04838	0.05934	   Digraph	050	426	      bell	
100	0.00094	0.00002	0.00092	0.00101	   Digraph	050	426	     fbell	
100	0.00163	0.00003	0.00159	0.00171	   Digraph	050	426	      dijk	
100	0.05201	0.00265	0.04849	0.06019	   Digraph	050	429	      bell	
100	0.00094	0.00002	0.00092	0.00102	   Digraph	050	429	     fbell	
100	0.00162	0.00046	0.00154	0.00617	   Digraph	050	429	      dijk	
100	0.05279	0.00306	0.04849	0.06505	   Digraph	050	432	      bell	
100	0.00100	0.00004	0.00097	0.00114	   Digraph	050	432	     fbell	
100	0.00164	0.00003	0.00161	0.00170	   Digraph	050	432	      dijk	
100	0.05284	0.00335	0.04382	0.06787	   Digraph	050	435	      bell	
100	0.00081	0.00002	0.00079	0.00090	   Digraph	050	435	     fbell	
100	0.00163	0.00004	0.00160	0.00175	   Digraph	050	435	      dijk	
100	0.05322	0.00301	0.04882	0.06479	   Digraph	050	438	      bell	
100	0.00087	0.00002	0.00085	0.00098	   Digraph	050	438	     fbell	
100	0.00161	0.00003	0.00158	0.00173	   Digraph	050	438	      dijk	
100	0.05350	0.00294	0.04964	0.06496	   Digraph	050	441	      bell	
100	0.00097	0.00002	0.00095	0.00105	   Digraph	050	441	     fbell	
100	0.00172	0.00004	0.00168	0.00194	   Digraph	050	441	      dijk	
100	0.05385	0.00272	0.04985	0.06079	   Digraph	050	444	      bell	
100	0.00090	0.00047	0.00083	0.00556	   Digraph	050	444	     fbell	
100	0.00163	0.00004	0.00160	0.00186	   Digraph	050	444	      dijk	
100	0.05429	0.00331	0.04575	0.06945	   Digraph	050	447	      bell	
100	0.00097	0.00002	0.00094	0.00103	   Digraph	050	447	     fbell	
100	0.00163	0.00003	0.00160	0.00174	   Digraph	050	447	      dijk	
100	0.05481	0.00270	0.05083	0.06129	   Digraph	050	450	      bell	
100	0.00094	0.00004	0.00091	0.00115	   Digraph	050	450	     fbell	
100	0.00167	0.00004	0.00163	0.00185	   Digraph	050	450	      dijk	
100	0.05515	0.00270	0.05117	0.06291	   Digraph	050	453	      bell	
100	0.00097	0.00003	0.00094	0.00110	   Digraph	050	453	     fbell	
100	0.00163	0.00003	0.00160	0.00172	   Digraph	050	453	      dijk	
100	0.05564	0.00342	0.05146	0.07705	   Digraph	050	456	      bell	
100	0.00074	0.00001	0.00073	0.00085	   Digraph	050	456	     fbell	
100	0.00158	0.00002	0.00157	0.00165	   Digraph	050	456	      dijk	
100	0.05514	0.00292	0.05075	0.06402	   Digraph	050	459	      bell	
100	0.00085	0.00006	0.00080	0.00112	   Digraph	050	459	     fbell	
100	0.00178	0.00019	0.00167	0.00271	   Digraph	050	459	      dijk	
100	0.05522	0.00292	0.05102	0.06620	   Digraph	050	462	      bell	
100	0.00096	0.00003	0.00093	0.00108	   Digraph	050	462	     fbell	
100	0.00171	0.00046	0.00163	0.00628	   Digraph	050	462	      dijk	
100	0.05565	0.00270	0.05190	0.06787	   Digraph	050	465	      bell	
100	0.00090	0.00003	0.00087	0.00101	   Digraph	050	465	     fbell	
100	0.00167	0.00005	0.00164	0.00188	   Digraph	050	465	      dijk	
100	0.05633	0.00329	0.05201	0.07476	   Digraph	050	468	      bell	
100	0.00080	0.00002	0.00078	0.00088	   Digraph	050	468	     fbell	
100	0.00163	0.00003	0.00160	0.00178	   Digraph	050	468	      dijk	
100	0.05654	0.00278	0.05216	0.06744	   Digraph	050	471	      bell	
100	0.00074	0.00002	0.00073	0.00081	   Digraph	050	471	     fbell	
100	0.00163	0.00003	0.00160	0.00174	   Digraph	050	471	      dijk	
100	0.05648	0.00240	0.05279	0.06295	   Digraph	050	474	      bell	
100	0.00103	0.00003	0.00101	0.00112	   Digraph	050	474	     fbell	
100	0.00166	0.00003	0.00163	0.00177	   Digraph	050	474	      dijk	
100	0.05728	0.00287	0.05278	0.06823	   Digraph	050	477	      bell	
100	0.00114	0.00003	0.00112	0.00121	   Digraph	050	477	     fbell	
100	0.00177	0.00047	0.00168	0.00646	   Digraph	050	477	      dijk	
100	0.05731	0.00344	0.04851	0.07650	   Digraph	050	480	      bell	
100	0.00106	0.00002	0.00104	0.00116	   Digraph	050	480	     fbell	
100	0.00164	0.00004	0.00161	0.00181	   Digraph	050	480	      dijk	
100	0.05788	0.00282	0.05376	0.07101	   Digraph	050	483	      bell	
100	0.00092	0.00003	0.00090	0.00101	   Digraph	050	483	     fbell	
100	0.00172	0.00047	0.00164	0.00637	   Digraph	050	483	      dijk	
100	0.05820	0.00268	0.05416	0.06947	   Digraph	050	486	      bell	
100	0.00092	0.00002	0.00089	0.00099	   Digraph	050	486	     fbell	
100	0.00170	0.00003	0.00167	0.00180	   Digraph	050	486	      dijk	
100	0.05889	0.00272	0.05482	0.06888	   Digraph	050	489	      bell	
100	0.00090	0.00049	0.00083	0.00574	   Digraph	050	489	     fbell	
100	0.00172	0.00004	0.00168	0.00191	   Digraph	050	489	      dijk	
100	0.05909	0.00369	0.04960	0.08090	   Digraph	050	492	      bell	
100	0.00098	0.00003	0.00096	0.00108	   Digraph	050	492	     fbell	
100	0.00168	0.00008	0.00164	0.00231	   Digraph	050	492	      dijk	
100	0.05941	0.00276	0.05510	0.06791	   Digraph	050	495	      bell	
100	0.00098	0.00002	0.00096	0.00106	   Digraph	050	495	     fbell	
100	0.00170	0.00004	0.00167	0.00181	   Digraph	050	495	      dijk	
100	0.05904	0.00259	0.05478	0.06919	   Digraph	050	498	      bell	
100	0.00108	0.00002	0.00105	0.00114	   Digraph	050	498	     fbell	
100	0.00175	0.00003	0.00172	0.00183	   Digraph	050	498	      dijk	
100	0.05942	0.00250	0.05541	0.06790	   Digraph	050	501	      bell	
100	0.00084	0.00003	0.00081	0.00096	   Digraph	050	501	     fbell	
100	0.00168	0.00004	0.00165	0.00180	   Digraph	050	501	      dijk	
100	0.05990	0.00336	0.05000	0.07901	   Digraph	050	504	      bell	
100	0.00106	0.00003	0.00103	0.00120	   Digraph	050	504	     fbell	
100	0.00166	0.00003	0.00163	0.00178	   Digraph	050	504	      dijk	
100	0.06048	0.00283	0.05630	0.07126	   Digraph	050	507	      bell	
100	0.00112	0.00003	0.00110	0.00120	   Digraph	050	507	     fbell	
100	0.00170	0.00003	0.00167	0.00185	   Digraph	050	507	      dijk	
100	0.06054	0.00254	0.05627	0.06898	   Digraph	050	510	      bell	
100	0.00094	0.00002	0.00093	0.00103	   Digraph	050	510	     fbell	
100	0.00170	0.00003	0.00167	0.00184	   Digraph	050	510	      dijk	
100	0.06144	0.00264	0.05709	0.07089	   Digraph	050	513	      bell	
100	0.00140	0.00227	0.00115	0.02398	   Digraph	050	513	     fbell	
100	0.00171	0.00003	0.00169	0.00184	   Digraph	050	513	      dijk	
100	0.06113	0.00251	0.05651	0.06889	   Digraph	050	516	      bell	
100	0.00111	0.00045	0.00104	0.00561	   Digraph	050	516	     fbell	
100	0.00174	0.00009	0.00169	0.00209	   Digraph	050	516	      dijk	
100	0.06060	0.00235	0.05640	0.06849	   Digraph	050	519	      bell	
100	0.00087	0.00003	0.00085	0.00108	   Digraph	050	519	     fbell	
100	0.00175	0.00045	0.00167	0.00622	   Digraph	050	519	      dijk	
100	0.06189	0.00229	0.05750	0.06844	   Digraph	050	522	      bell	
100	0.00082	0.00003	0.00080	0.00097	   Digraph	050	522	     fbell	
100	0.00168	0.00004	0.00165	0.00183	   Digraph	050	522	      dijk	
100	0.06214	0.00324	0.05213	0.08295	   Digraph	050	525	      bell	
100	0.00095	0.00003	0.00092	0.00104	   Digraph	050	525	     fbell	
100	0.00171	0.00003	0.00168	0.00179	   Digraph	050	525	      dijk	
100	0.06222	0.00239	0.05805	0.06964	   Digraph	050	528	      bell	
100	0.00111	0.00003	0.00108	0.00119	   Digraph	050	528	     fbell	
100	0.00174	0.00003	0.00171	0.00186	   Digraph	050	528	      dijk	
100	0.06321	0.00260	0.05871	0.07320	   Digraph	050	531	      bell	
100	0.00118	0.00047	0.00111	0.00586	   Digraph	050	531	     fbell	
100	0.00168	0.00004	0.00164	0.00182	   Digraph	050	531	      dijk	
100	0.06263	0.00235	0.05854	0.07217	   Digraph	050	534	      bell	
100	0.00115	0.00003	0.00113	0.00124	   Digraph	050	534	     fbell	
100	0.00177	0.00045	0.00169	0.00619	   Digraph	050	534	      dijk	
100	0.06361	0.00321	0.05284	0.08177	   Digraph	050	537	      bell	
100	0.00092	0.00003	0.00090	0.00104	   Digraph	050	537	     fbell	
100	0.00186	0.00004	0.00183	0.00197	   Digraph	050	537	      dijk	
100	0.06421	0.00236	0.05971	0.07112	   Digraph	050	540	      bell	
100	0.00105	0.00003	0.00103	0.00123	   Digraph	050	540	     fbell	
100	0.00171	0.00004	0.00168	0.00181	   Digraph	050	540	      dijk	
100	0.06375	0.00267	0.05894	0.07245	   Digraph	050	543	      bell	
100	0.00101	0.00002	0.00099	0.00109	   Digraph	050	543	     fbell	
100	0.00168	0.00003	0.00165	0.00177	   Digraph	050	543	      dijk	
100	0.06446	0.00233	0.05996	0.07224	   Digraph	050	546	      bell	
100	0.00112	0.00003	0.00109	0.00120	   Digraph	050	546	     fbell	
100	0.00176	0.00003	0.00173	0.00186	   Digraph	050	546	      dijk	
100	0.06443	0.00268	0.05957	0.07633	   Digraph	050	549	      bell	
100	0.00100	0.00003	0.00097	0.00109	   Digraph	050	549	     fbell	
100	0.00174	0.00003	0.00170	0.00185	   Digraph	050	549	      dijk	
100	0.06498	0.00240	0.06048	0.07579	   Digraph	050	552	      bell	
100	0.00120	0.00004	0.00117	0.00144	   Digraph	050	552	     fbell	
100	0.00175	0.00003	0.00172	0.00185	   Digraph	050	552	      dijk	
100	0.06578	0.00239	0.06113	0.07361	   Digraph	050	555	      bell	
100	0.00122	0.00003	0.00119	0.00138	   Digraph	050	555	     fbell	
100	0.00172	0.00004	0.00169	0.00186	   Digraph	050	555	      dijk	
100	0.06648	0.00272	0.06121	0.07758	   Digraph	050	558	      bell	
100	0.00123	0.00048	0.00116	0.00604	   Digraph	050	558	     fbell	
100	0.00173	0.00005	0.00169	0.00198	   Digraph	050	558	      dijk	
100	0.06610	0.00229	0.06135	0.07482	   Digraph	050	561	      bell	
100	0.00091	0.00002	0.00089	0.00102	   Digraph	050	561	     fbell	
100	0.00173	0.00004	0.00169	0.00188	   Digraph	050	561	      dijk	
100	0.06615	0.00215	0.06132	0.07312	   Digraph	050	564	      bell	
100	0.00129	0.00003	0.00126	0.00144	   Digraph	050	564	     fbell	
100	0.00181	0.00045	0.00173	0.00626	   Digraph	050	564	      dijk	
100	0.06658	0.00258	0.06187	0.07980	   Digraph	050	567	      bell	
100	0.00127	0.00003	0.00124	0.00137	   Digraph	050	567	     fbell	
100	0.00185	0.00003	0.00182	0.00196	   Digraph	050	567	      dijk	
100	0.06656	0.00312	0.05593	0.08492	   Digraph	050	570	      bell	
100	0.00127	0.00003	0.00125	0.00138	   Digraph	050	570	     fbell	
100	0.00180	0.00045	0.00171	0.00625	   Digraph	050	570	      dijk	
100	0.06792	0.00232	0.06272	0.07912	   Digraph	050	573	      bell	
100	0.00089	0.00003	0.00086	0.00103	   Digraph	050	573	     fbell	
100	0.00172	0.00004	0.00169	0.00185	   Digraph	050	573	      dijk	
100	0.06739	0.00245	0.06234	0.08014	   Digraph	050	576	      bell	
100	0.00084	0.00002	0.00082	0.00093	   Digraph	050	576	     fbell	
100	0.00176	0.00047	0.00169	0.00640	   Digraph	050	576	      dijk	
100	0.06761	0.00218	0.06308	0.07782	   Digraph	050	579	      bell	
100	0.00115	0.00003	0.00112	0.00124	   Digraph	050	579	     fbell	
100	0.00172	0.00003	0.00169	0.00183	   Digraph	050	579	      dijk	
100	0.06813	0.00243	0.06344	0.07791	   Digraph	050	582	      bell	
100	0.00105	0.00003	0.00102	0.00113	   Digraph	050	582	     fbell	
100	0.00181	0.00004	0.00177	0.00202	   Digraph	050	582	      dijk	
100	0.06833	0.00275	0.06341	0.08124	   Digraph	050	585	      bell	
100	0.00095	0.00003	0.00093	0.00104	   Digraph	050	585	     fbell	
100	0.00180	0.00045	0.00172	0.00626	   Digraph	050	585	      dijk	
100	0.06826	0.00210	0.06373	0.07834	   Digraph	050	588	      bell	
100	0.00127	0.00003	0.00124	0.00137	   Digraph	050	588	     fbell	
100	0.00180	0.00004	0.00177	0.00196	   Digraph	050	588	      dijk	
100	0.06918	0.00305	0.05792	0.08847	   Digraph	050	591	      bell	
100	0.00098	0.00003	0.00096	0.00106	   Digraph	050	591	     fbell	
100	0.00177	0.00004	0.00173	0.00191	   Digraph	050	591	      dijk	
100	0.06979	0.00353	0.06449	0.08776	   Digraph	050	594	      bell	
100	0.00117	0.00004	0.00115	0.00136	   Digraph	050	594	     fbell	
100	0.00186	0.00045	0.00178	0.00632	   Digraph	050	594	      dijk	
100	0.06939	0.00192	0.06474	0.07427	   Digraph	050	597	      bell	
100	0.00132	0.00003	0.00129	0.00142	   Digraph	050	597	     fbell	
100	0.00178	0.00005	0.00174	0.00194	   Digraph	050	597	      dijk	
100	0.07026	0.00185	0.06559	0.07530	   Digraph	050	600	      bell	
100	0.00098	0.00003	0.00096	0.00116	   Digraph	050	600	     fbell	
100	0.00172	0.00004	0.00169	0.00186	   Digraph	050	600	      dijk	
100	0.07017	0.00219	0.06537	0.07940	   Digraph	050	603	      bell	
100	0.00103	0.00003	0.00101	0.00125	   Digraph	050	603	     fbell	
100	0.00181	0.00004	0.00178	0.00193	   Digraph	050	603	      dijk	
100	0.07040	0.00199	0.06570	0.07954	   Digraph	050	606	      bell	
100	0.00127	0.00045	0.00119	0.00569	   Digraph	050	606	     fbell	
100	0.00175	0.00004	0.00171	0.00188	   Digraph	050	606	      dijk	
100	0.07194	0.00250	0.06616	0.08341	   Digraph	050	609	      bell	
100	0.00156	0.00047	0.00148	0.00627	   Digraph	050	609	     fbell	
100	0.00178	0.00004	0.00174	0.00190	   Digraph	050	609	      dijk	
100	0.07221	0.00207	0.06723	0.08271	   Digraph	050	612	      bell	
100	0.00121	0.00004	0.00118	0.00148	   Digraph	050	612	     fbell	
100	0.00184	0.00004	0.00180	0.00202	   Digraph	050	612	      dijk	
100	0.07207	0.00258	0.06689	0.08567	   Digraph	050	615	      bell	
100	0.00136	0.00003	0.00133	0.00145	   Digraph	050	615	     fbell	
100	0.00180	0.00009	0.00176	0.00260	   Digraph	050	615	      dijk	
100	0.07261	0.00214	0.06781	0.08549	   Digraph	050	618	      bell	
100	0.00114	0.00003	0.00111	0.00123	   Digraph	050	618	     fbell	
100	0.00183	0.00004	0.00179	0.00195	   Digraph	050	618	      dijk	
100	0.07324	0.00186	0.06819	0.08210	   Digraph	050	621	      bell	
100	0.00127	0.00003	0.00124	0.00142	   Digraph	050	621	     fbell	
100	0.00183	0.00049	0.00174	0.00667	   Digraph	050	621	      dijk	
100	0.07264	0.00307	0.06068	0.09272	   Digraph	050	624	      bell	
100	0.00090	0.00002	0.00088	0.00100	   Digraph	050	624	     fbell	
100	0.00176	0.00046	0.00168	0.00629	   Digraph	050	624	      dijk	
100	0.07219	0.00182	0.06744	0.08120	   Digraph	050	627	      bell	
100	0.00100	0.00002	0.00098	0.00110	   Digraph	050	627	     fbell	
100	0.00181	0.00004	0.00178	0.00198	   Digraph	050	627	      dijk	
100	0.07303	0.00183	0.06815	0.08304	   Digraph	050	630	      bell	
100	0.00101	0.00003	0.00099	0.00111	   Digraph	050	630	     fbell	
100	0.00185	0.00004	0.00182	0.00199	   Digraph	050	630	      dijk	
100	0.07390	0.00207	0.06904	0.08407	   Digraph	050	633	      bell	
100	0.00104	0.00003	0.00102	0.00116	   Digraph	050	633	     fbell	
100	0.00179	0.00005	0.00176	0.00208	   Digraph	050	633	      dijk	
100	0.07420	0.00249	0.06835	0.08882	   Digraph	050	636	      bell	
100	0.00098	0.00003	0.00096	0.00110	   Digraph	050	636	     fbell	
100	0.00184	0.00048	0.00175	0.00656	   Digraph	050	636	      dijk	
100	0.07397	0.00209	0.06880	0.08783	   Digraph	050	639	      bell	
100	0.00114	0.00002	0.00112	0.00124	   Digraph	050	639	     fbell	
100	0.00185	0.00046	0.00177	0.00645	   Digraph	050	639	      dijk	
100	0.07533	0.00177	0.07021	0.08506	   Digraph	050	642	      bell	
100	0.00108	0.00002	0.00106	0.00118	   Digraph	050	642	     fbell	
100	0.00180	0.00004	0.00177	0.00192	   Digraph	050	642	      dijk	
100	0.07591	0.00184	0.07061	0.08504	   Digraph	050	645	      bell	
100	0.00114	0.00003	0.00112	0.00127	   Digraph	050	645	     fbell	
100	0.00185	0.00004	0.00181	0.00207	   Digraph	050	645	      dijk	
100	0.07602	0.00288	0.06284	0.09544	   Digraph	050	648	      bell	
100	0.00120	0.00003	0.00118	0.00133	   Digraph	050	648	     fbell	
100	0.00191	0.00004	0.00187	0.00209	   Digraph	050	648	      dijk	
100	0.07561	0.00202	0.07050	0.08893	   Digraph	050	651	      bell	
100	0.00130	0.00003	0.00127	0.00140	   Digraph	050	651	     fbell	
100	0.00181	0.00048	0.00173	0.00657	   Digraph	050	651	      dijk	
100	0.07653	0.00177	0.07144	0.08697	   Digraph	050	654	      bell	
100	0.00099	0.00003	0.00096	0.00109	   Digraph	050	654	     fbell	
100	0.00184	0.00048	0.00175	0.00654	   Digraph	050	654	      dijk	
100	0.07761	0.00175	0.07234	0.08783	   Digraph	050	657	      bell	
100	0.00131	0.00003	0.00128	0.00142	   Digraph	050	657	     fbell	
100	0.00180	0.00005	0.00177	0.00202	   Digraph	050	657	      dijk	
100	0.07675	0.00250	0.07135	0.09147	   Digraph	050	660	      bell	
100	0.00124	0.00003	0.00122	0.00137	   Digraph	050	660	     fbell	
100	0.00184	0.00004	0.00181	0.00202	   Digraph	050	660	      dijk	
100	0.07674	0.00154	0.07194	0.08698	   Digraph	050	663	      bell	
100	0.00103	0.00003	0.00101	0.00113	   Digraph	050	663	     fbell	
100	0.00186	0.00004	0.00183	0.00199	   Digraph	050	663	      dijk	
100	0.07756	0.00152	0.07273	0.08809	   Digraph	050	666	      bell	
100	0.00144	0.00003	0.00142	0.00158	   Digraph	050	666	     fbell	
100	0.00180	0.00004	0.00176	0.00198	   Digraph	050	666	      dijk	
100	0.07853	0.00184	0.07264	0.08922	   Digraph	050	669	      bell	
100	0.00109	0.00003	0.00107	0.00126	   Digraph	050	669	     fbell	
100	0.00177	0.00004	0.00174	0.00190	   Digraph	050	669	      dijk	
100	0.07882	0.00204	0.07344	0.09075	   Digraph	050	672	      bell	
100	0.00135	0.00003	0.00133	0.00146	   Digraph	050	672	     fbell	
100	0.00186	0.00005	0.00182	0.00209	   Digraph	050	672	      dijk	
100	0.07876	0.00207	0.07281	0.09344	   Digraph	050	675	      bell	
100	0.00109	0.00003	0.00107	0.00119	   Digraph	050	675	     fbell	
100	0.00185	0.00004	0.00181	0.00199	   Digraph	050	675	      dijk	
100	0.07811	0.00133	0.07316	0.08471	   Digraph	050	678	      bell	
100	0.00112	0.00003	0.00109	0.00124	   Digraph	050	678	     fbell	
100	0.00190	0.00004	0.00186	0.00202	   Digraph	050	678	      dijk	
100	0.07979	0.00237	0.07198	0.09662	   Digraph	050	681	      bell	
100	0.00135	0.00003	0.00132	0.00149	   Digraph	050	681	     fbell	
100	0.00193	0.00004	0.00190	0.00208	   Digraph	050	681	      dijk	
100	0.07987	0.00144	0.07433	0.09009	   Digraph	050	684	      bell	
100	0.00112	0.00003	0.00110	0.00123	   Digraph	050	684	     fbell	
100	0.00188	0.00004	0.00185	0.00203	   Digraph	050	684	      dijk	
100	0.08032	0.00133	0.07513	0.09134	   Digraph	050	687	      bell	
100	0.00127	0.00004	0.00124	0.00151	   Digraph	050	687	     fbell	
100	0.00185	0.00009	0.00180	0.00268	   Digraph	050	687	      dijk	
100	0.08089	0.00162	0.07578	0.09503	   Digraph	050	690	      bell	
100	0.00101	0.00003	0.00099	0.00113	   Digraph	050	690	     fbell	
100	0.00178	0.00004	0.00174	0.00193	   Digraph	050	690	      dijk	
100	0.08040	0.00178	0.07614	0.09502	   Digraph	050	693	      bell	
100	0.00122	0.00003	0.00119	0.00136	   Digraph	050	693	     fbell	
100	0.00187	0.00004	0.00184	0.00202	   Digraph	050	693	      dijk	
100	0.08072	0.00165	0.07608	0.09167	   Digraph	050	696	      bell	
100	0.00109	0.00003	0.00106	0.00120	   Digraph	050	696	     fbell	
100	0.00179	0.00005	0.00175	0.00196	   Digraph	050	696	      dijk	
100	0.08079	0.00170	0.07902	0.09175	   Digraph	050	699	      bell	
100	0.00111	0.00002	0.00110	0.00121	   Digraph	050	699	     fbell	
100	0.00189	0.00004	0.00186	0.00211	   Digraph	050	699	      dijk	
100	0.08181	0.00379	0.07964	0.11517	   Digraph	050	702	      bell	
100	0.00140	0.00005	0.00137	0.00166	   Digraph	050	702	     fbell	
100	0.00190	0.00006	0.00186	0.00228	   Digraph	050	702	      dijk	
100	0.08193	0.00311	0.07984	0.10789	   Digraph	050	705	      bell	
100	0.00105	0.00004	0.00102	0.00136	   Digraph	050	705	     fbell	
100	0.00189	0.00006	0.00185	0.00215	   Digraph	050	705	      dijk	
100	0.08231	0.00237	0.08030	0.09824	   Digraph	050	708	      bell	
100	0.00149	0.00004	0.00146	0.00164	   Digraph	050	708	     fbell	
100	0.00193	0.00005	0.00189	0.00209	   Digraph	050	708	      dijk	
100	0.08244	0.00245	0.08018	0.09407	   Digraph	050	711	      bell	
100	0.00121	0.00010	0.00116	0.00181	   Digraph	050	711	     fbell	
100	0.00184	0.00012	0.00178	0.00273	   Digraph	050	711	      dijk	
100	0.08363	0.00651	0.07803	0.12447	   Digraph	050	714	      bell	
100	0.00127	0.00017	0.00118	0.00252	   Digraph	050	714	     fbell	
100	0.00201	0.00046	0.00189	0.00644	   Digraph	050	714	      dijk	
100	0.08530	0.00395	0.08103	0.10082	   Digraph	050	717	      bell	
100	0.00137	0.00025	0.00122	0.00247	   Digraph	050	717	     fbell	
100	0.00189	0.00010	0.00180	0.00224	   Digraph	050	717	      dijk	
100	0.08557	0.00354	0.08235	0.10862	   Digraph	050	720	      bell	
100	0.00170	0.00015	0.00160	0.00279	   Digraph	050	720	     fbell	
100	0.00194	0.00008	0.00185	0.00222	   Digraph	050	720	      dijk	
100	0.08586	0.00370	0.08148	0.10588	   Digraph	050	723	      bell	
100	0.00121	0.00006	0.00116	0.00146	   Digraph	050	723	     fbell	
100	0.00198	0.00036	0.00182	0.00397	   Digraph	050	723	      dijk	
100	0.08523	0.00305	0.07938	0.10297	   Digraph	050	726	      bell	
100	0.00133	0.00005	0.00129	0.00154	   Digraph	050	726	     fbell	
100	0.00195	0.00022	0.00186	0.00345	   Digraph	050	726	      dijk	
100	0.08507	0.00210	0.08241	0.09517	   Digraph	050	729	      bell	
100	0.00129	0.00004	0.00126	0.00148	   Digraph	050	729	     fbell	
100	0.00195	0.00050	0.00184	0.00690	   Digraph	050	729	      dijk	
100	0.08683	0.00292	0.08289	0.10121	   Digraph	050	732	      bell	
100	0.00146	0.00027	0.00134	0.00301	   Digraph	050	732	     fbell	
100	0.00191	0.00009	0.00185	0.00235	   Digraph	050	732	      dijk	
100	0.08611	0.00279	0.08260	0.10007	   Digraph	050	735	      bell	
100	0.00123	0.00005	0.00120	0.00155	   Digraph	050	735	     fbell	
100	0.00199	0.00045	0.00187	0.00633	   Digraph	050	735	      dijk	
100	0.08748	0.00424	0.08038	0.10844	   Digraph	050	738	      bell	
100	0.00157	0.00005	0.00152	0.00172	   Digraph	050	738	     fbell	
100	0.00190	0.00006	0.00185	0.00218	   Digraph	050	738	      dijk	
100	0.08706	0.00304	0.08412	0.09962	   Digraph	050	741	      bell	
100	0.00145	0.00004	0.00141	0.00162	   Digraph	050	741	     fbell	
100	0.00190	0.00014	0.00181	0.00247	   Digraph	050	741	      dijk	
100	0.08738	0.00344	0.08319	0.10458	   Digraph	050	744	      bell	
100	0.00159	0.00007	0.00153	0.00185	   Digraph	050	744	     fbell	
100	0.00209	0.00047	0.00193	0.00662	   Digraph	050	744	      dijk	
100	0.08692	0.00226	0.08459	0.09749	   Digraph	050	747	      bell	
100	0.00151	0.00008	0.00146	0.00202	   Digraph	050	747	     fbell	
100	0.00190	0.00007	0.00185	0.00217	   Digraph	050	747	      dijk	
100	0.08734	0.00201	0.08454	0.09824	   Digraph	050	750	      bell	
100	0.00179	0.00057	0.00156	0.00645	   Digraph	050	750	     fbell	
100	0.00201	0.00026	0.00187	0.00335	   Digraph	050	750	      dijk	
100	0.08959	0.00378	0.08484	0.10783	   Digraph	050	753	      bell	
100	0.00129	0.00005	0.00125	0.00154	   Digraph	050	753	     fbell	
100	0.00202	0.00035	0.00183	0.00412	   Digraph	050	753	      dijk	
100	0.08982	0.00440	0.08505	0.10958	   Digraph	050	756	      bell	
100	0.00142	0.00005	0.00138	0.00159	   Digraph	050	756	     fbell	
100	0.00200	0.00045	0.00189	0.00644	   Digraph	050	756	      dijk	
100	0.08776	0.00211	0.08574	0.09960	   Digraph	050	759	      bell	
100	0.00130	0.00004	0.00126	0.00147	   Digraph	050	759	     fbell	
100	0.00189	0.00008	0.00183	0.00232	   Digraph	050	759	      dijk	
100	0.08853	0.00265	0.08408	0.09828	   Digraph	050	762	      bell	
100	0.00191	0.00034	0.00173	0.00404	   Digraph	050	762	     fbell	
100	0.00205	0.00031	0.00190	0.00432	   Digraph	050	762	      dijk	
100	0.08868	0.00240	0.08593	0.10030	   Digraph	050	765	      bell	
100	0.00153	0.00005	0.00149	0.00176	   Digraph	050	765	     fbell	
100	0.00185	0.00005	0.00180	0.00203	   Digraph	050	765	      dijk	
100	0.08958	0.00226	0.08626	0.09941	   Digraph	050	768	      bell	
100	0.00151	0.00049	0.00139	0.00605	   Digraph	050	768	     fbell	
100	0.00193	0.00008	0.00187	0.00229	   Digraph	050	768	      dijk	
100	0.09017	0.00279	0.08698	0.09947	   Digraph	050	771	      bell	
100	0.00131	0.00007	0.00126	0.00180	   Digraph	050	771	     fbell	
100	0.00197	0.00007	0.00191	0.00228	   Digraph	050	771	      dijk	
100	0.09036	0.00279	0.08223	0.10181	   Digraph	050	774	      bell	
100	0.00144	0.00046	0.00135	0.00592	   Digraph	050	774	     fbell	
100	0.00196	0.00011	0.00189	0.00259	   Digraph	050	774	      dijk	
100	0.09057	0.00312	0.08751	0.10116	   Digraph	050	777	      bell	
100	0.00159	0.00045	0.00151	0.00606	   Digraph	050	777	     fbell	
100	0.00197	0.00005	0.00192	0.00216	   Digraph	050	777	      dijk	
100	0.09125	0.00314	0.08703	0.10243	   Digraph	050	780	      bell	
100	0.00137	0.00007	0.00132	0.00188	   Digraph	050	780	     fbell	
100	0.00198	0.00005	0.00193	0.00213	   Digraph	050	780	      dijk	
100	0.09153	0.00355	0.08766	0.11265	   Digraph	050	783	      bell	
100	0.00129	0.00004	0.00126	0.00149	   Digraph	050	783	     fbell	
100	0.00197	0.00011	0.00189	0.00250	   Digraph	050	783	      dijk	
100	0.09183	0.00288	0.08823	0.10676	   Digraph	050	786	      bell	
100	0.00120	0.00016	0.00112	0.00217	   Digraph	050	786	     fbell	
100	0.00191	0.00021	0.00183	0.00318	   Digraph	050	786	      dijk	
100	0.09192	0.00319	0.08731	0.10436	   Digraph	050	789	      bell	
100	0.00149	0.00003	0.00146	0.00159	   Digraph	050	789	     fbell	
100	0.00194	0.00008	0.00188	0.00234	   Digraph	050	789	      dijk	
100	0.09241	0.00304	0.08874	0.10476	   Digraph	050	792	      bell	
100	0.00158	0.00006	0.00153	0.00197	   Digraph	050	792	     fbell	
100	0.00199	0.00004	0.00195	0.00213	   Digraph	050	792	      dijk	
100	0.09169	0.00280	0.08879	0.10572	   Digraph	050	795	      bell	
100	0.00133	0.00023	0.00124	0.00279	   Digraph	050	795	     fbell	
100	0.00193	0.00006	0.00188	0.00212	   Digraph	050	795	      dijk	
100	0.09741	0.00805	0.08892	0.13062	   Digraph	050	798	      bell	
100	0.00116	0.00005	0.00112	0.00140	   Digraph	050	798	     fbell	
100	0.00206	0.00056	0.00191	0.00684	   Digraph	050	798	      dijk	
100	0.09350	0.00490	0.08903	0.12242	   Digraph	050	801	      bell	
100	0.00168	0.00041	0.00136	0.00263	   Digraph	050	801	     fbell	
100	0.00242	0.00060	0.00193	0.00376	   Digraph	050	801	      dijk	
100	0.09598	0.00500	0.09064	0.11615	   Digraph	050	804	      bell	
100	0.00147	0.00025	0.00128	0.00251	   Digraph	050	804	     fbell	
100	0.00215	0.00038	0.00192	0.00407	   Digraph	050	804	      dijk	
100	0.09491	0.00392	0.08989	0.11088	   Digraph	050	807	      bell	
100	0.00147	0.00005	0.00143	0.00178	   Digraph	050	807	     fbell	
100	0.00201	0.00005	0.00197	0.00216	   Digraph	050	807	      dijk	
100	0.09423	0.00318	0.09073	0.10645	   Digraph	050	810	      bell	
100	0.00166	0.00047	0.00130	0.00403	   Digraph	050	810	     fbell	
100	0.00197	0.00009	0.00191	0.00241	   Digraph	050	810	      dijk	
100	0.09683	0.00977	0.08876	0.14931	   Digraph	050	813	      bell	
100	0.00159	0.00039	0.00128	0.00275	   Digraph	050	813	     fbell	
100	0.00214	0.00062	0.00186	0.00783	   Digraph	050	813	      dijk	
100	0.09694	0.00678	0.09091	0.13085	   Digraph	050	816	      bell	
100	0.00160	0.00006	0.00155	0.00190	   Digraph	050	816	     fbell	
100	0.00213	0.00020	0.00197	0.00293	   Digraph	050	816	      dijk	
100	0.09534	0.00355	0.09088	0.10974	   Digraph	050	819	      bell	
100	0.00146	0.00024	0.00134	0.00289	   Digraph	050	819	     fbell	
100	0.00202	0.00050	0.00191	0.00688	   Digraph	050	819	      dijk	
100	0.09575	0.00267	0.09180	0.10613	   Digraph	050	822	      bell	
100	0.00150	0.00008	0.00144	0.00193	   Digraph	050	822	     fbell	
100	0.00202	0.00031	0.00188	0.00391	   Digraph	050	822	      dijk	
100	0.09568	0.00314	0.09218	0.11147	   Digraph	050	825	      bell	
100	0.00138	0.00009	0.00134	0.00199	   Digraph	050	825	     fbell	
100	0.00207	0.00056	0.00193	0.00723	   Digraph	050	825	      dijk	
100	0.09641	0.00429	0.08726	0.11249	   Digraph	050	828	      bell	
100	0.00147	0.00015	0.00136	0.00232	   Digraph	050	828	     fbell	
100	0.00203	0.00048	0.00190	0.00676	   Digraph	050	828	      dijk	
100	0.09576	0.00319	0.09211	0.10730	   Digraph	050	831	      bell	
100	0.00174	0.00008	0.00169	0.00215	   Digraph	050	831	     fbell	
100	0.00212	0.00049	0.00202	0.00694	   Digraph	050	831	      dijk	
100	0.09715	0.00403	0.09237	0.11321	   Digraph	050	834	      bell	
100	0.00157	0.00005	0.00153	0.00184	   Digraph	050	834	     fbell	
100	0.00195	0.00009	0.00189	0.00256	   Digraph	050	834	      dijk	
100	0.09734	0.00395	0.09243	0.12094	   Digraph	050	837	      bell	
100	0.00163	0.00008	0.00158	0.00224	   Digraph	050	837	     fbell	
100	0.00195	0.00006	0.00190	0.00214	   Digraph	050	837	      dijk	
100	0.09789	0.00316	0.08934	0.10966	   Digraph	050	840	      bell	
100	0.00159	0.00011	0.00151	0.00222	   Digraph	050	840	     fbell	
100	0.00205	0.00011	0.00196	0.00274	   Digraph	050	840	      dijk	
100	0.09967	0.00658	0.09308	0.12575	   Digraph	050	843	      bell	
100	0.00144	0.00012	0.00137	0.00209	   Digraph	050	843	     fbell	
100	0.00213	0.00032	0.00191	0.00340	   Digraph	050	843	      dijk	
100	0.09823	0.00382	0.09411	0.11655	   Digraph	050	846	      bell	
100	0.00147	0.00006	0.00143	0.00181	   Digraph	050	846	     fbell	
100	0.00207	0.00046	0.00194	0.00654	   Digraph	050	846	      dijk	
100	0.09940	0.00444	0.09413	0.11777	   Digraph	050	849	      bell	
100	0.00156	0.00004	0.00153	0.00169	   Digraph	050	849	     fbell	
100	0.00198	0.00008	0.00192	0.00250	   Digraph	050	849	      dijk	
100	0.09821	0.00313	0.09446	0.11095	   Digraph	050	852	      bell	
100	0.00163	0.00005	0.00159	0.00188	   Digraph	050	852	     fbell	
100	0.00203	0.00047	0.00194	0.00667	   Digraph	050	852	      dijk	
100	0.10026	0.00401	0.09547	0.11337	   Digraph	050	855	      bell	
100	0.00158	0.00029	0.00146	0.00334	   Digraph	050	855	     fbell	
100	0.00200	0.00009	0.00194	0.00251	   Digraph	050	855	      dijk	
100	0.10292	0.00914	0.09518	0.15792	   Digraph	050	858	      bell	
100	0.00131	0.00005	0.00127	0.00155	   Digraph	050	858	     fbell	
100	0.00212	0.00056	0.00194	0.00694	   Digraph	050	858	      dijk	
100	0.10046	0.00346	0.09598	0.11098	   Digraph	050	861	      bell	
100	0.00168	0.00007	0.00162	0.00201	   Digraph	050	861	     fbell	
100	0.00202	0.00008	0.00196	0.00249	   Digraph	050	861	      dijk	
100	0.10323	0.00841	0.09660	0.14607	   Digraph	050	864	      bell	
100	0.00171	0.00005	0.00166	0.00187	   Digraph	050	864	     fbell	
100	0.00210	0.00005	0.00206	0.00227	   Digraph	050	864	      dijk	
100	0.09992	0.00611	0.09562	0.13410	   Digraph	050	867	      bell	
100	0.00158	0.00005	0.00155	0.00180	   Digraph	050	867	     fbell	
100	0.00207	0.00045	0.00199	0.00650	   Digraph	050	867	      dijk	
100	0.09843	0.00262	0.09544	0.11085	   Digraph	050	870	      bell	
100	0.00164	0.00048	0.00153	0.00634	   Digraph	050	870	     fbell	
100	0.00191	0.00004	0.00188	0.00210	   Digraph	050	870	      dijk	
100	0.09948	0.00391	0.09549	0.11855	   Digraph	050	873	      bell	
100	0.00135	0.00003	0.00133	0.00154	   Digraph	050	873	     fbell	
100	0.00202	0.00005	0.00198	0.00220	   Digraph	050	873	      dijk	
100	0.10007	0.00377	0.09061	0.12272	   Digraph	050	876	      bell	
100	0.00141	0.00005	0.00138	0.00175	   Digraph	050	876	     fbell	
100	0.00200	0.00007	0.00197	0.00257	   Digraph	050	876	      dijk	
100	0.10063	0.00314	0.09832	0.11654	   Digraph	050	879	      bell	
100	0.00161	0.00004	0.00159	0.00186	   Digraph	050	879	     fbell	
100	0.00207	0.00004	0.00203	0.00222	   Digraph	050	879	      dijk	
100	0.10075	0.00282	0.09865	0.11821	   Digraph	050	882	      bell	
100	0.00121	0.00003	0.00119	0.00136	   Digraph	050	882	     fbell	
100	0.00198	0.00005	0.00193	0.00221	   Digraph	050	882	      dijk	
100	0.10152	0.00327	0.09746	0.11704	   Digraph	050	885	      bell	
100	0.00134	0.00011	0.00130	0.00230	   Digraph	050	885	     fbell	
100	0.00197	0.00004	0.00194	0.00216	   Digraph	050	885	      dijk	
100	0.10165	0.00469	0.09693	0.12040	   Digraph	050	888	      bell	
100	0.00164	0.00004	0.00161	0.00181	   Digraph	050	888	     fbell	
100	0.00206	0.00004	0.00202	0.00219	   Digraph	050	888	      dijk	
100	0.10189	0.00393	0.09778	0.12991	   Digraph	050	891	      bell	
100	0.00188	0.00004	0.00186	0.00201	   Digraph	050	891	     fbell	
100	0.00193	0.00004	0.00189	0.00205	   Digraph	050	891	      dijk	
100	0.10071	0.00312	0.09825	0.11855	   Digraph	050	894	      bell	
100	0.00138	0.00003	0.00136	0.00153	   Digraph	050	894	     fbell	
100	0.00198	0.00005	0.00195	0.00219	   Digraph	050	894	      dijk	
100	0.10299	0.00283	0.10014	0.11615	   Digraph	050	897	      bell	
100	0.00129	0.00003	0.00126	0.00145	   Digraph	050	897	     fbell	
100	0.00196	0.00005	0.00192	0.00210	   Digraph	050	897	      dijk	
100	0.10278	0.00377	0.09403	0.12586	   Digraph	050	900	      bell	
100	0.00158	0.00003	0.00156	0.00174	   Digraph	050	900	     fbell	
100	0.00205	0.00005	0.00201	0.00219	   Digraph	050	900	      dijk	
