AVG	STDV	MIN	MAX	GRAPH	V	E	DT
0.00087	0.00019	0.00079	0.00232	   Digraph	020	180	      fibo	
0.00095	0.00037	0.00088	0.00432	   Digraph	020	180	       bin	
0.00051	0.00003	0.00048	0.00074	   Digraph	020	180	       vec	
0.00097	0.00029	0.00087	0.00280	   Digraph	021	180	      fibo	
0.00099	0.00013	0.00094	0.00229	   Digraph	021	180	       bin	
0.00053	0.00013	0.00050	0.00181	   Digraph	021	180	       vec	
0.00094	0.00023	0.00086	0.00274	   Digraph	022	180	      fibo	
0.00104	0.00019	0.00098	0.00240	   Digraph	022	180	       bin	
0.00057	0.00030	0.00053	0.00360	   Digraph	022	180	       vec	
0.00096	0.00021	0.00088	0.00265	   Digraph	023	180	      fibo	
0.00105	0.00018	0.00099	0.00237	   Digraph	023	180	       bin	
0.00058	0.00012	0.00054	0.00179	   Digraph	023	180	       vec	
0.00104	0.00024	0.00096	0.00295	   Digraph	024	180	      fibo	
0.00114	0.00034	0.00104	0.00387	   Digraph	024	180	       bin	
0.00062	0.00015	0.00058	0.00214	   Digraph	024	180	       vec	
0.00110	0.00029	0.00100	0.00299	   Digraph	025	180	      fibo	
0.00114	0.00029	0.00108	0.00377	   Digraph	025	180	       bin	
0.00064	0.00013	0.00061	0.00192	   Digraph	025	180	       vec	
0.00108	0.00024	0.00099	0.00283	   Digraph	026	180	      fibo	
0.00117	0.00033	0.00107	0.00379	   Digraph	026	180	       bin	
0.00065	0.00018	0.00061	0.00240	   Digraph	026	180	       vec	
0.00116	0.00047	0.00103	0.00529	   Digraph	027	180	      fibo	
0.00120	0.00019	0.00113	0.00265	   Digraph	027	180	       bin	
0.00070	0.00023	0.00064	0.00253	   Digraph	027	180	       vec	
0.00117	0.00035	0.00108	0.00409	   Digraph	028	180	      fibo	
0.00132	0.00018	0.00124	0.00260	   Digraph	028	180	       bin	
0.00072	0.00015	0.00068	0.00222	   Digraph	028	180	       vec	
0.00123	0.00040	0.00111	0.00419	   Digraph	029	180	      fibo	
0.00131	0.00018	0.00124	0.00259	   Digraph	029	180	       bin	
0.00073	0.00014	0.00069	0.00206	   Digraph	029	180	       vec	
0.00118	0.00023	0.00112	0.00331	   Digraph	030	180	      fibo	
0.00132	0.00005	0.00126	0.00158	   Digraph	030	180	       bin	
0.00083	0.00094	0.00072	0.01015	   Digraph	030	180	       vec	
0.00127	0.00021	0.00121	0.00337	   Digraph	031	180	      fibo	
0.00146	0.00092	0.00132	0.01066	   Digraph	031	180	       bin	
0.00075	0.00000	0.00075	0.00077	   Digraph	031	180	       vec	
0.00121	0.00022	0.00114	0.00335	   Digraph	032	180	      fibo	
0.00139	0.00094	0.00128	0.01070	   Digraph	032	180	       bin	
0.00080	0.00022	0.00076	0.00302	   Digraph	032	180	       vec	
0.00138	0.00096	0.00123	0.01091	   Digraph	033	180	      fibo	
0.00140	0.00022	0.00135	0.00352	   Digraph	033	180	       bin	
0.00082	0.00003	0.00080	0.00090	   Digraph	033	180	       vec	
0.00138	0.00021	0.00133	0.00347	   Digraph	034	180	      fibo	
0.00150	0.00003	0.00144	0.00158	   Digraph	034	180	       bin	
0.00094	0.00096	0.00084	0.01048	   Digraph	034	180	       vec	
0.00136	0.00021	0.00130	0.00345	   Digraph	035	180	      fibo	
0.00162	0.00095	0.00148	0.01108	   Digraph	035	180	       bin	
0.00087	0.00002	0.00086	0.00103	   Digraph	035	180	       vec	
0.00151	0.00087	0.00136	0.01011	   Digraph	036	180	      fibo	
0.00158	0.00021	0.00153	0.00366	   Digraph	036	180	       bin	
0.00092	0.00004	0.00089	0.00115	   Digraph	036	180	       vec	
0.00152	0.00102	0.00137	0.01146	   Digraph	037	180	      fibo	
0.00157	0.00019	0.00149	0.00348	   Digraph	037	180	       bin	
0.00094	0.00003	0.00092	0.00117	   Digraph	037	180	       vec	
0.00143	0.00022	0.00136	0.00359	   Digraph	038	180	      fibo	
0.00167	0.00102	0.00154	0.01180	   Digraph	038	180	       bin	
0.00099	0.00022	0.00094	0.00311	   Digraph	038	180	       vec	
0.00159	0.00099	0.00145	0.01143	   Digraph	039	180	      fibo	
0.00171	0.00021	0.00163	0.00373	   Digraph	039	180	       bin	
0.00111	0.00095	0.00099	0.01058	   Digraph	039	180	       vec	
0.00157	0.00021	0.00150	0.00366	   Digraph	040	180	      fibo	
0.00186	0.00099	0.00172	0.01170	   Digraph	040	180	       bin	
0.00106	0.00004	0.00103	0.00117	   Digraph	040	180	       vec	
0.00167	0.00102	0.00153	0.01180	   Digraph	041	180	      fibo	
0.00180	0.00020	0.00172	0.00378	   Digraph	041	180	       bin	
0.00117	0.00094	0.00106	0.01050	   Digraph	041	180	       vec	
0.00182	0.00100	0.00164	0.01150	   Digraph	042	180	      fibo	
0.00182	0.00022	0.00177	0.00399	   Digraph	042	180	       bin	
0.00113	0.00004	0.00109	0.00120	   Digraph	042	180	       vec	
0.00182	0.00101	0.00166	0.01160	   Digraph	043	180	      fibo	
0.00196	0.00091	0.00179	0.01085	   Digraph	043	180	       bin	
0.00113	0.00003	0.00112	0.00138	   Digraph	043	180	       vec	
0.00185	0.00083	0.00169	0.01008	   Digraph	044	180	      fibo	
0.00187	0.00021	0.00180	0.00388	   Digraph	044	180	       bin	
0.00127	0.00102	0.00114	0.01140	   Digraph	044	180	       vec	
0.00173	0.00021	0.00166	0.00380	   Digraph	045	180	      fibo	
0.00200	0.00096	0.00184	0.01128	   Digraph	045	180	       bin	
0.00124	0.00021	0.00119	0.00332	   Digraph	045	180	       vec	
0.00187	0.00106	0.00173	0.01237	   Digraph	046	180	      fibo	
0.00210	0.00087	0.00192	0.01048	   Digraph	046	180	       bin	
0.00123	0.00003	0.00121	0.00148	   Digraph	046	180	       vec	
0.00190	0.00084	0.00175	0.01022	   Digraph	047	180	      fibo	
0.00204	0.00022	0.00196	0.00415	   Digraph	047	180	       bin	
0.00137	0.00096	0.00125	0.01093	   Digraph	047	180	       vec	
0.00199	0.00111	0.00179	0.01279	   Digraph	048	180	      fibo	
0.00198	0.00021	0.00193	0.00404	   Digraph	048	180	       bin	
0.00142	0.00105	0.00128	0.01185	   Digraph	048	180	       vec	
0.00187	0.00004	0.00182	0.00204	   Digraph	049	180	      fibo	
0.00212	0.00087	0.00198	0.01056	   Digraph	049	180	       bin	
0.00137	0.00021	0.00132	0.00347	   Digraph	049	180	       vec	
0.00207	0.00101	0.00189	0.01189	   Digraph	050	180	      fibo	
0.00232	0.00086	0.00213	0.01067	   Digraph	050	180	       bin	
0.00139	0.00003	0.00138	0.00163	   Digraph	050	180	       vec	
0.00202	0.00076	0.00185	0.00954	   Digraph	051	180	      fibo	
0.00221	0.00028	0.00210	0.00417	   Digraph	051	180	       bin	
0.00152	0.00093	0.00140	0.01074	   Digraph	051	180	       vec	
0.00212	0.00096	0.00193	0.01145	   Digraph	052	180	      fibo	
0.00220	0.00021	0.00213	0.00429	   Digraph	052	180	       bin	
0.00159	0.00101	0.00144	0.01141	   Digraph	052	180	       vec	
0.00224	0.00095	0.00202	0.01130	   Digraph	053	180	      fibo	
0.00224	0.00022	0.00217	0.00442	   Digraph	053	180	       bin	
0.00162	0.00102	0.00149	0.01177	   Digraph	053	180	       vec	
0.00140	0.00030	0.00128	0.00366	   Digraph	054	180	      fibo	
0.00107	0.00081	0.00094	0.00888	   Digraph	054	180	       bin	
0.00147	0.00081	0.00131	0.00931	   Digraph	054	180	       vec	
0.00220	0.00029	0.00209	0.00418	   Digraph	055	180	      fibo	
0.00240	0.00090	0.00225	0.01104	   Digraph	055	180	       bin	
0.00162	0.00003	0.00158	0.00168	   Digraph	055	180	       vec	
0.00215	0.00029	0.00205	0.00423	   Digraph	056	180	      fibo	
0.00236	0.00085	0.00221	0.01057	   Digraph	056	180	       bin	
0.00164	0.00003	0.00159	0.00171	   Digraph	056	180	       vec	
0.00230	0.00102	0.00213	0.01228	   Digraph	057	180	      fibo	
0.00249	0.00093	0.00232	0.01133	   Digraph	057	180	       bin	
0.00180	0.00108	0.00164	0.01257	   Digraph	057	180	       vec	
0.00223	0.00029	0.00212	0.00428	   Digraph	058	180	      fibo	
0.00252	0.00091	0.00236	0.01130	   Digraph	058	180	       bin	
0.00182	0.00102	0.00168	0.01201	   Digraph	058	180	       vec	
0.00243	0.00093	0.00225	0.01142	   Digraph	059	180	      fibo	
0.00255	0.00022	0.00248	0.00467	   Digraph	059	180	       bin	
0.00186	0.00098	0.00173	0.01161	   Digraph	059	180	       vec	
0.00243	0.00096	0.00222	0.01148	   Digraph	060	180	      fibo	
0.00249	0.00020	0.00240	0.00445	   Digraph	060	180	       bin	
0.00189	0.00091	0.00176	0.01077	   Digraph	060	180	       vec	
0.00236	0.00098	0.00216	0.01190	   Digraph	061	180	      fibo	
0.00264	0.00092	0.00244	0.01137	   Digraph	061	180	       bin	
0.00182	0.00004	0.00180	0.00211	   Digraph	061	180	       vec	
0.00253	0.00085	0.00232	0.01040	   Digraph	062	180	      fibo	
0.00269	0.00088	0.00251	0.01121	   Digraph	062	180	       bin	
0.00191	0.00022	0.00184	0.00404	   Digraph	062	180	       vec	
0.00243	0.00089	0.00225	0.01101	   Digraph	063	180	      fibo	
0.00260	0.00083	0.00243	0.01039	   Digraph	063	180	       bin	
0.00204	0.00105	0.00188	0.01250	   Digraph	063	180	       vec	
0.00252	0.00028	0.00240	0.00448	   Digraph	064	180	      fibo	
0.00266	0.00022	0.00258	0.00481	   Digraph	064	180	       bin	
0.00210	0.00101	0.00194	0.01195	   Digraph	064	180	       vec	
0.00260	0.00096	0.00237	0.01144	   Digraph	065	180	      fibo	
0.00280	0.00094	0.00258	0.01167	   Digraph	065	180	       bin	
0.00201	0.00004	0.00199	0.00228	   Digraph	065	180	       vec	
0.00180	0.00082	0.00158	0.00950	   Digraph	066	180	      fibo	
0.00128	0.00088	0.00110	0.00964	   Digraph	066	180	       bin	
0.00184	0.00020	0.00176	0.00383	   Digraph	066	180	       vec	
0.00268	0.00077	0.00251	0.01005	   Digraph	067	180	      fibo	
0.00288	0.00082	0.00271	0.01080	   Digraph	067	180	       bin	
0.00222	0.00098	0.00208	0.01196	   Digraph	067	180	       vec	
0.00269	0.00088	0.00248	0.01096	   Digraph	068	180	      fibo	
0.00276	0.00029	0.00265	0.00480	   Digraph	068	180	       bin	
0.00213	0.00004	0.00210	0.00239	   Digraph	068	180	       vec	
0.00278	0.00085	0.00256	0.01070	   Digraph	069	180	      fibo	
0.00291	0.00084	0.00275	0.01101	   Digraph	069	180	       bin	
0.00223	0.00021	0.00215	0.00429	   Digraph	069	180	       vec	
0.00260	0.00030	0.00246	0.00466	   Digraph	070	180	      fibo	
0.00270	0.00021	0.00261	0.00474	   Digraph	070	180	       bin	
0.00235	0.00095	0.00220	0.01155	   Digraph	070	180	       vec	
0.00275	0.00088	0.00252	0.01093	   Digraph	071	180	      fibo	
0.00298	0.00086	0.00277	0.01101	   Digraph	071	180	       bin	
0.00231	0.00022	0.00224	0.00444	   Digraph	071	180	       vec	
0.00275	0.00087	0.00256	0.01107	   Digraph	072	180	      fibo	
0.00295	0.00086	0.00278	0.01122	   Digraph	072	180	       bin	
0.00248	0.00102	0.00231	0.01240	   Digraph	072	180	       vec	
0.00288	0.00088	0.00265	0.01103	   Digraph	073	180	      fibo	
0.00306	0.00086	0.00286	0.01111	   Digraph	073	180	       bin	
0.00243	0.00021	0.00236	0.00445	   Digraph	073	180	       vec	
0.00296	0.00102	0.00275	0.01287	   Digraph	074	180	      fibo	
0.00329	0.00091	0.00306	0.01161	   Digraph	074	180	       bin	
0.00259	0.00100	0.00244	0.01249	   Digraph	074	180	       vec	
0.00289	0.00094	0.00267	0.01177	   Digraph	075	180	      fibo	
0.00312	0.00089	0.00291	0.01156	   Digraph	075	180	       bin	
0.00253	0.00022	0.00246	0.00463	   Digraph	075	180	       vec	
0.00297	0.00092	0.00276	0.01174	   Digraph	076	180	      fibo	
0.00307	0.00080	0.00290	0.01078	   Digraph	076	180	       bin	
0.00266	0.00090	0.00251	0.01143	   Digraph	076	180	       vec	
0.00294	0.00095	0.00267	0.01156	   Digraph	077	180	      fibo	
0.00296	0.00089	0.00278	0.01156	   Digraph	077	180	       bin	
0.00275	0.00112	0.00256	0.01373	   Digraph	077	180	       vec	
0.00305	0.00090	0.00282	0.01147	   Digraph	078	180	      fibo	
0.00302	0.00030	0.00289	0.00506	   Digraph	078	180	       bin	
0.00264	0.00004	0.00261	0.00289	   Digraph	078	180	       vec	
0.00203	0.00077	0.00181	0.00909	   Digraph	079	180	      fibo	
0.00146	0.00086	0.00128	0.00959	   Digraph	079	180	       bin	
0.00252	0.00084	0.00235	0.01059	   Digraph	079	180	       vec	
0.00208	0.00086	0.00185	0.01010	   Digraph	080	180	      fibo	
0.00150	0.00093	0.00130	0.01035	   Digraph	080	180	       bin	
0.00251	0.00024	0.00242	0.00472	   Digraph	080	180	       vec	
0.00321	0.00113	0.00291	0.01142	   Digraph	081	180	      fibo	
0.00323	0.00028	0.00311	0.00519	   Digraph	081	180	       bin	
0.00282	0.00003	0.00279	0.00305	   Digraph	081	180	       vec	
0.00307	0.00077	0.00282	0.01030	   Digraph	082	180	      fibo	
0.00330	0.00088	0.00310	0.01159	   Digraph	082	180	       bin	
0.00299	0.00095	0.00283	0.01218	   Digraph	082	180	       vec	
0.00220	0.00094	0.00193	0.01084	   Digraph	083	180	      fibo	
0.00150	0.00083	0.00134	0.00952	   Digraph	083	180	       bin	
0.00277	0.00088	0.00257	0.01104	   Digraph	083	180	       vec	
0.00334	0.00087	0.00312	0.01134	   Digraph	084	180	      fibo	
0.00360	0.00085	0.00339	0.01159	   Digraph	084	180	       bin	
0.00305	0.00021	0.00297	0.00507	   Digraph	084	180	       vec	
0.00335	0.00087	0.00311	0.01149	   Digraph	085	180	      fibo	
0.00358	0.00088	0.00337	0.01188	   Digraph	085	180	       bin	
0.00310	0.00022	0.00302	0.00519	   Digraph	085	180	       vec	
0.00338	0.00124	0.00306	0.01225	   Digraph	086	180	      fibo	
0.00330	0.00094	0.00308	0.01217	   Digraph	086	180	       bin	
0.00312	0.00022	0.00307	0.00527	   Digraph	086	180	       vec	
0.00336	0.00113	0.00302	0.01153	   Digraph	087	180	      fibo	
0.00338	0.00088	0.00316	0.01165	   Digraph	087	180	       bin	
0.00319	0.00022	0.00314	0.00534	   Digraph	087	180	       vec	
0.00230	0.00085	0.00204	0.01012	   Digraph	088	180	      fibo	
0.00152	0.00021	0.00143	0.00352	   Digraph	088	180	       bin	
0.00295	0.00022	0.00288	0.00505	   Digraph	088	180	       vec	
0.00351	0.00112	0.00318	0.01157	   Digraph	089	180	      fibo	
0.00344	0.00087	0.00321	0.01151	   Digraph	089	180	       bin	
0.00330	0.00022	0.00324	0.00541	   Digraph	089	180	       vec	
0.00344	0.00109	0.00311	0.01140	   Digraph	090	180	      fibo	
0.00367	0.00086	0.00345	0.01166	   Digraph	090	180	       bin	
0.00338	0.00022	0.00332	0.00550	   Digraph	090	180	       vec	
0.00351	0.00113	0.00320	0.01120	   Digraph	091	180	      fibo	
0.00327	0.00089	0.00306	0.01158	   Digraph	091	180	       bin	
0.00342	0.00022	0.00334	0.00558	   Digraph	091	180	       vec	
0.00345	0.00115	0.00314	0.01169	   Digraph	092	180	      fibo	
0.00362	0.00084	0.00342	0.01143	   Digraph	092	180	       bin	
0.00354	0.00021	0.00346	0.00557	   Digraph	092	180	       vec	
0.00337	0.00036	0.00319	0.00556	   Digraph	093	180	      fibo	
0.00362	0.00084	0.00341	0.01153	   Digraph	093	180	       bin	
0.00365	0.00093	0.00350	0.01289	   Digraph	093	180	       vec	
0.00365	0.00087	0.00337	0.01152	   Digraph	094	180	      fibo	
0.00362	0.00084	0.00340	0.01154	   Digraph	094	180	       bin	
0.00364	0.00021	0.00355	0.00564	   Digraph	094	180	       vec	
0.00236	0.00091	0.00211	0.01092	   Digraph	095	180	      fibo	
0.00171	0.00086	0.00153	0.01001	   Digraph	095	180	       bin	
0.00347	0.00090	0.00327	0.01215	   Digraph	095	180	       vec	
0.00249	0.00088	0.00224	0.01075	   Digraph	096	180	      fibo	
0.00176	0.00096	0.00153	0.01086	   Digraph	096	180	       bin	
0.00343	0.00021	0.00334	0.00542	   Digraph	096	180	       vec	
0.00246	0.00035	0.00228	0.00461	   Digraph	097	180	      fibo	
0.00173	0.00086	0.00155	0.01003	   Digraph	097	180	       bin	
0.00352	0.00090	0.00333	0.01224	   Digraph	097	180	       vec	
0.00365	0.00091	0.00337	0.01212	   Digraph	098	180	      fibo	
0.00384	0.00090	0.00359	0.01235	   Digraph	098	180	       bin	
0.00387	0.00022	0.00379	0.00595	   Digraph	098	180	       vec	
0.00252	0.00077	0.00225	0.00929	   Digraph	099	180	      fibo	
0.00173	0.00084	0.00155	0.00984	   Digraph	099	180	       bin	
0.00363	0.00092	0.00344	0.01252	   Digraph	099	180	       vec	
0.00362	0.00087	0.00334	0.01149	   Digraph	100	180	      fibo	
0.00352	0.00105	0.00328	0.01376	   Digraph	100	180	       bin	
0.00392	0.00021	0.00384	0.00593	   Digraph	100	180	       vec	
0.00255	0.00081	0.00231	0.01005	   Digraph	101	180	      fibo	
0.00178	0.00084	0.00160	0.00983	   Digraph	101	180	       bin	
0.00375	0.00089	0.00356	0.01230	   Digraph	101	180	       vec	
0.00384	0.00093	0.00356	0.01238	   Digraph	102	180	      fibo	
0.00379	0.00088	0.00358	0.01212	   Digraph	102	180	       bin	
0.00411	0.00020	0.00400	0.00607	   Digraph	102	180	       vec	
0.00383	0.00034	0.00362	0.00584	   Digraph	103	180	      fibo	
0.00390	0.00034	0.00375	0.00590	   Digraph	103	180	       bin	
0.00424	0.00020	0.00415	0.00622	   Digraph	103	180	       vec	
0.00378	0.00077	0.00350	0.01042	   Digraph	104	180	      fibo	
0.00368	0.00091	0.00347	0.01228	   Digraph	104	180	       bin	
0.00425	0.00021	0.00415	0.00630	   Digraph	104	180	       vec	
0.00397	0.00083	0.00368	0.01144	   Digraph	105	180	      fibo	
0.00390	0.00085	0.00369	0.01186	   Digraph	105	180	       bin	
0.00434	0.00020	0.00424	0.00622	   Digraph	105	180	       vec	
0.00266	0.00083	0.00240	0.01005	   Digraph	106	180	      fibo	
0.00185	0.00092	0.00165	0.01070	   Digraph	106	180	       bin	
0.00405	0.00028	0.00393	0.00601	   Digraph	106	180	       vec	
0.00364	0.00036	0.00343	0.00581	   Digraph	107	180	      fibo	
0.00340	0.00032	0.00322	0.00522	   Digraph	107	180	       bin	
0.00447	0.00095	0.00430	0.01363	   Digraph	107	180	       vec	
0.00273	0.00098	0.00243	0.01149	   Digraph	108	180	      fibo	
0.00194	0.00027	0.00179	0.00383	   Digraph	108	180	       bin	
0.00414	0.00022	0.00406	0.00625	   Digraph	108	180	       vec	
0.00384	0.00035	0.00364	0.00597	   Digraph	109	180	      fibo	
0.00376	0.00087	0.00356	0.01211	   Digraph	109	180	       bin	
0.00458	0.00022	0.00447	0.00662	   Digraph	109	180	       vec	
0.00370	0.00077	0.00342	0.01053	   Digraph	110	180	      fibo	
0.00337	0.00081	0.00317	0.01117	   Digraph	110	180	       bin	
0.00473	0.00114	0.00451	0.01590	   Digraph	110	180	       vec	
0.00380	0.00093	0.00347	0.01213	   Digraph	111	180	      fibo	
0.00341	0.00030	0.00326	0.00542	   Digraph	111	180	       bin	
0.00472	0.00029	0.00458	0.00677	   Digraph	111	180	       vec	
0.00414	0.00086	0.00384	0.01171	   Digraph	112	180	      fibo	
0.00405	0.00034	0.00385	0.00591	   Digraph	112	180	       bin	
0.00483	0.00020	0.00473	0.00680	   Digraph	112	180	       vec	
0.00285	0.00038	0.00263	0.00547	   Digraph	113	180	      fibo	
0.00197	0.00032	0.00181	0.00388	   Digraph	113	180	       bin	
0.00461	0.00100	0.00437	0.01426	   Digraph	113	180	       vec	
0.00426	0.00044	0.00396	0.00647	   Digraph	114	180	      fibo	
0.00395	0.00037	0.00376	0.00609	   Digraph	114	180	       bin	
0.00508	0.00123	0.00483	0.01704	   Digraph	114	180	       vec	
0.00292	0.00096	0.00259	0.01161	   Digraph	115	180	      fibo	
0.00190	0.00029	0.00177	0.00390	   Digraph	115	180	       bin	
0.00468	0.00027	0.00455	0.00656	   Digraph	115	180	       vec	
0.00287	0.00094	0.00255	0.01129	   Digraph	116	180	      fibo	
0.00220	0.00099	0.00195	0.01174	   Digraph	116	180	       bin	
0.00473	0.00023	0.00462	0.00688	   Digraph	116	180	       vec	
0.00399	0.00038	0.00376	0.00596	   Digraph	117	180	      fibo	
0.00364	0.00091	0.00340	0.01222	   Digraph	117	180	       bin	
0.00522	0.00108	0.00500	0.01579	   Digraph	117	180	       vec	
0.00424	0.00094	0.00386	0.01256	   Digraph	118	180	      fibo	
0.00412	0.00036	0.00391	0.00615	   Digraph	118	180	       bin	
0.00531	0.00021	0.00520	0.00726	   Digraph	118	180	       vec	
0.00363	0.00040	0.00339	0.00564	   Digraph	119	180	      fibo	
0.00319	0.00092	0.00294	0.01182	   Digraph	119	180	       bin	
0.00527	0.00100	0.00507	0.01494	   Digraph	119	180	       vec	
0.00299	0.00092	0.00267	0.01139	   Digraph	120	180	      fibo	
0.00204	0.00034	0.00185	0.00404	   Digraph	120	180	       bin	
0.00507	0.00030	0.00492	0.00720	   Digraph	120	180	       vec	
0.00419	0.00041	0.00396	0.00630	   Digraph	121	180	      fibo	
0.00404	0.00089	0.00376	0.01218	   Digraph	121	180	       bin	
0.00557	0.00102	0.00536	0.01546	   Digraph	121	180	       vec	
0.00299	0.00035	0.00278	0.00496	   Digraph	122	180	      fibo	
0.00211	0.00103	0.00187	0.01192	   Digraph	122	180	       bin	
0.00518	0.00023	0.00503	0.00719	   Digraph	122	180	       vec	
0.00461	0.00076	0.00430	0.01122	   Digraph	123	180	      fibo	
0.00433	0.00035	0.00416	0.00632	   Digraph	123	180	       bin	
0.00572	0.00083	0.00555	0.01359	   Digraph	123	180	       vec	
0.00311	0.00097	0.00275	0.01167	   Digraph	124	180	      fibo	
0.00215	0.00097	0.00190	0.01130	   Digraph	124	180	       bin	
0.00533	0.00022	0.00520	0.00738	   Digraph	124	180	       vec	
0.00306	0.00065	0.00281	0.00856	   Digraph	125	180	      fibo	
0.00214	0.00090	0.00192	0.01058	   Digraph	125	180	       bin	
0.00545	0.00028	0.00528	0.00739	   Digraph	125	180	       vec	
0.00309	0.00049	0.00285	0.00642	   Digraph	126	180	      fibo	
0.00217	0.00104	0.00193	0.01202	   Digraph	126	180	       bin	
0.00551	0.00028	0.00536	0.00746	   Digraph	126	180	       vec	
0.00441	0.00094	0.00405	0.01258	   Digraph	127	180	      fibo	
0.00403	0.00035	0.00383	0.00602	   Digraph	127	180	       bin	
0.00601	0.00097	0.00583	0.01543	   Digraph	127	180	       vec	
0.00315	0.00101	0.00282	0.01177	   Digraph	128	180	      fibo	
0.00236	0.00100	0.00212	0.01192	   Digraph	128	180	       bin	
0.00569	0.00029	0.00554	0.00767	   Digraph	128	180	       vec	
0.00430	0.00072	0.00398	0.01017	   Digraph	129	180	      fibo	
0.00405	0.00028	0.00388	0.00602	   Digraph	129	180	       bin	
0.00615	0.00093	0.00596	0.01515	   Digraph	129	180	       vec	
0.00434	0.00042	0.00409	0.00664	   Digraph	130	180	      fibo	
0.00407	0.00087	0.00382	0.01222	   Digraph	130	180	       bin	
0.00624	0.00100	0.00605	0.01598	   Digraph	130	180	       vec	
0.00336	0.00093	0.00300	0.01148	   Digraph	131	180	      fibo	
0.00233	0.00100	0.00209	0.01182	   Digraph	131	180	       bin	
0.00590	0.00021	0.00576	0.00789	   Digraph	131	180	       vec	
0.00325	0.00040	0.00297	0.00523	   Digraph	132	180	      fibo	
0.00227	0.00093	0.00201	0.01078	   Digraph	132	180	       bin	
0.00607	0.00100	0.00579	0.01576	   Digraph	132	180	       vec	
0.00409	0.00039	0.00384	0.00610	   Digraph	133	180	      fibo	
0.00406	0.00097	0.00374	0.01307	   Digraph	133	180	       bin	
0.00643	0.00031	0.00629	0.00860	   Digraph	133	180	       vec	
0.00335	0.00103	0.00299	0.01209	   Digraph	134	180	      fibo	
0.00231	0.00103	0.00205	0.01215	   Digraph	134	180	       bin	
0.00616	0.00029	0.00600	0.00819	   Digraph	134	180	       vec	
0.00371	0.00079	0.00338	0.01067	   Digraph	135	180	      fibo	
0.00311	0.00104	0.00284	0.01282	   Digraph	135	180	       bin	
0.00648	0.00028	0.00631	0.00847	   Digraph	135	180	       vec	
0.00343	0.00073	0.00311	0.00943	   Digraph	136	180	      fibo	
0.00232	0.00097	0.00207	0.01149	   Digraph	136	180	       bin	
0.00634	0.00027	0.00619	0.00824	   Digraph	136	180	       vec	
0.00342	0.00041	0.00315	0.00552	   Digraph	137	180	      fibo	
0.00234	0.00033	0.00216	0.00431	   Digraph	137	180	       bin	
0.00646	0.00028	0.00628	0.00840	   Digraph	137	180	       vec	
0.00355	0.00071	0.00316	0.00866	   Digraph	138	180	      fibo	
0.00260	0.00036	0.00241	0.00481	   Digraph	138	180	       bin	
0.00659	0.00032	0.00641	0.00901	   Digraph	138	180	       vec	
0.00343	0.00039	0.00319	0.00539	   Digraph	139	180	      fibo	
0.00238	0.00093	0.00211	0.01098	   Digraph	139	180	       bin	
0.00659	0.00028	0.00642	0.00851	   Digraph	139	180	       vec	
0.00346	0.00049	0.00320	0.00694	   Digraph	140	180	      fibo	
0.00235	0.00033	0.00219	0.00429	   Digraph	140	180	       bin	
0.00671	0.00028	0.00650	0.00865	   Digraph	140	180	       vec	
0.00347	0.00049	0.00322	0.00696	   Digraph	141	180	      fibo	
0.00241	0.00034	0.00221	0.00436	   Digraph	141	180	       bin	
0.00682	0.00028	0.00662	0.00880	   Digraph	141	180	       vec	
0.00351	0.00048	0.00326	0.00696	   Digraph	142	180	      fibo	
0.00239	0.00033	0.00222	0.00434	   Digraph	142	180	       bin	
0.00689	0.00028	0.00672	0.00880	   Digraph	142	180	       vec	
0.00358	0.00049	0.00333	0.00710	   Digraph	143	180	      fibo	
0.00261	0.00034	0.00243	0.00465	   Digraph	143	180	       bin	
0.00705	0.00028	0.00686	0.00903	   Digraph	143	180	       vec	
0.00354	0.00049	0.00328	0.00703	   Digraph	144	180	      fibo	
0.00243	0.00033	0.00225	0.00444	   Digraph	144	180	       bin	
0.00707	0.00027	0.00683	0.00899	   Digraph	144	180	       vec	
0.00356	0.00048	0.00331	0.00680	   Digraph	145	180	      fibo	
0.00250	0.00105	0.00222	0.01234	   Digraph	145	180	       bin	
0.00711	0.00029	0.00692	0.00917	   Digraph	145	180	       vec	
0.00354	0.00047	0.00328	0.00679	   Digraph	146	180	      fibo	
0.00246	0.00034	0.00227	0.00447	   Digraph	146	180	       bin	
0.00722	0.00029	0.00700	0.00923	   Digraph	146	180	       vec	
0.00468	0.00053	0.00436	0.00797	   Digraph	147	180	      fibo	
0.00421	0.00034	0.00401	0.00612	   Digraph	147	180	       bin	
0.00776	0.00029	0.00756	0.00982	   Digraph	147	180	       vec	
0.00373	0.00086	0.00339	0.01109	   Digraph	148	180	      fibo	
0.00246	0.00028	0.00228	0.00441	   Digraph	148	180	       bin	
0.00742	0.00019	0.00728	0.00921	   Digraph	148	180	       vec	
0.00368	0.00044	0.00342	0.00577	   Digraph	149	180	      fibo	
0.00258	0.00099	0.00232	0.01196	   Digraph	149	180	       bin	
0.00752	0.00027	0.00734	0.00949	   Digraph	149	180	       vec	
0.00378	0.00047	0.00349	0.00617	   Digraph	150	180	      fibo	
0.00283	0.00035	0.00264	0.00484	   Digraph	150	180	       bin	
0.00770	0.00030	0.00751	0.00978	   Digraph	150	180	       vec	
0.00373	0.00051	0.00344	0.00590	   Digraph	151	180	      fibo	
0.00255	0.00035	0.00235	0.00461	   Digraph	151	180	       bin	
0.00769	0.00030	0.00750	0.00968	   Digraph	151	180	       vec	
0.00365	0.00062	0.00341	0.00939	   Digraph	152	180	      fibo	
0.00250	0.00030	0.00235	0.00461	   Digraph	152	180	       bin	
0.00775	0.00013	0.00757	0.00828	   Digraph	152	180	       vec	
0.00364	0.00031	0.00347	0.00573	   Digraph	153	180	      fibo	
0.00254	0.00024	0.00237	0.00460	   Digraph	153	180	       bin	
0.00785	0.00023	0.00765	0.00983	   Digraph	153	180	       vec	
0.00381	0.00141	0.00346	0.01740	   Digraph	154	180	      fibo	
0.00253	0.00023	0.00234	0.00457	   Digraph	154	180	       bin	
0.00793	0.00027	0.00772	0.01043	   Digraph	154	180	       vec	
0.00380	0.00186	0.00345	0.02212	   Digraph	155	180	      fibo	
0.00259	0.00031	0.00241	0.00475	   Digraph	155	180	       bin	
0.00804	0.00023	0.00786	0.01020	   Digraph	155	180	       vec	
0.00436	0.00026	0.00416	0.00654	   Digraph	156	180	      fibo	
0.00383	0.00024	0.00369	0.00615	   Digraph	156	180	       bin	
0.00847	0.00023	0.00830	0.01060	   Digraph	156	180	       vec	
0.00435	0.00207	0.00388	0.02470	   Digraph	157	180	      fibo	
0.00347	0.00024	0.00336	0.00577	   Digraph	157	180	       bin	
0.00849	0.00022	0.00832	0.01055	   Digraph	157	180	       vec	
0.00378	0.00034	0.00352	0.00589	   Digraph	158	180	      fibo	
0.00266	0.00198	0.00237	0.02223	   Digraph	158	180	       bin	
0.00827	0.00008	0.00811	0.00846	   Digraph	158	180	       vec	
0.00394	0.00033	0.00362	0.00599	   Digraph	159	180	      fibo	
0.00260	0.00023	0.00245	0.00472	   Digraph	159	180	       bin	
0.00841	0.00021	0.00821	0.01041	   Digraph	159	180	       vec	
0.00400	0.00190	0.00364	0.02253	   Digraph	160	180	      fibo	
0.00259	0.00023	0.00244	0.00480	   Digraph	160	180	       bin	
0.00850	0.00022	0.00832	0.01057	   Digraph	160	180	       vec	
0.00405	0.00193	0.00367	0.02301	   Digraph	161	180	      fibo	
0.00262	0.00033	0.00244	0.00489	   Digraph	161	180	       bin	
0.00858	0.00006	0.00842	0.00875	   Digraph	161	180	       vec	
0.00412	0.00190	0.00372	0.02290	   Digraph	162	180	      fibo	
0.00260	0.00025	0.00247	0.00494	   Digraph	162	180	       bin	
0.00872	0.00023	0.00852	0.01085	   Digraph	162	180	       vec	
0.00460	0.00197	0.00414	0.02386	   Digraph	163	180	      fibo	
0.00361	0.00024	0.00348	0.00589	   Digraph	163	180	       bin	
0.00910	0.00022	0.00891	0.01111	   Digraph	163	180	       vec	
0.00411	0.00204	0.00364	0.02409	   Digraph	164	180	      fibo	
0.00259	0.00026	0.00249	0.00509	   Digraph	164	180	       bin	
0.00889	0.00023	0.00871	0.01107	   Digraph	164	180	       vec	
0.00395	0.00034	0.00369	0.00617	   Digraph	165	180	      fibo	
0.00270	0.00030	0.00252	0.00477	   Digraph	165	180	       bin	
0.00902	0.00022	0.00882	0.01109	   Digraph	165	180	       vec	
0.00403	0.00146	0.00366	0.01825	   Digraph	166	180	      fibo	
0.00271	0.00025	0.00251	0.00489	   Digraph	166	180	       bin	
0.00909	0.00022	0.00888	0.01118	   Digraph	166	180	       vec	
0.00527	0.00035	0.00493	0.00737	   Digraph	167	180	      fibo	
0.00455	0.00031	0.00436	0.00673	   Digraph	167	180	       bin	
0.00970	0.00009	0.00952	0.01007	   Digraph	167	180	       vec	
0.00409	0.00154	0.00371	0.01879	   Digraph	168	180	      fibo	
0.00273	0.00021	0.00258	0.00475	   Digraph	168	180	       bin	
0.00932	0.00021	0.00913	0.01131	   Digraph	168	180	       vec	
0.00430	0.00155	0.00394	0.01930	   Digraph	169	180	      fibo	
0.00299	0.00023	0.00284	0.00518	   Digraph	169	180	       bin	
0.00949	0.00022	0.00926	0.01159	   Digraph	169	180	       vec	
0.00500	0.00147	0.00462	0.01918	   Digraph	170	180	      fibo	
0.00416	0.00022	0.00400	0.00633	   Digraph	170	180	       bin	
0.00989	0.00021	0.00972	0.01184	   Digraph	170	180	       vec	
0.00407	0.00033	0.00380	0.00637	   Digraph	171	180	      fibo	
0.00277	0.00022	0.00262	0.00488	   Digraph	171	180	       bin	
0.00968	0.00023	0.00947	0.01171	   Digraph	171	180	       vec	
0.00416	0.00038	0.00382	0.00643	   Digraph	172	180	      fibo	
0.00282	0.00023	0.00262	0.00488	   Digraph	172	180	       bin	
0.00974	0.00024	0.00949	0.01178	   Digraph	172	180	       vec	
0.00413	0.00130	0.00379	0.01673	   Digraph	173	180	      fibo	
0.00278	0.00023	0.00262	0.00501	   Digraph	173	180	       bin	
0.00983	0.00023	0.00961	0.01200	   Digraph	173	180	       vec	
0.00419	0.00139	0.00384	0.01770	   Digraph	174	180	      fibo	
0.00283	0.00022	0.00267	0.00499	   Digraph	174	180	       bin	
0.00997	0.00023	0.00977	0.01208	   Digraph	174	180	       vec	
0.00423	0.00134	0.00389	0.01733	   Digraph	175	180	      fibo	
0.00284	0.00030	0.00265	0.00494	   Digraph	175	180	       bin	
0.01008	0.00025	0.00982	0.01242	   Digraph	175	180	       vec	
0.00442	0.00033	0.00414	0.00652	   Digraph	176	180	      fibo	
0.00321	0.00032	0.00302	0.00545	   Digraph	176	180	       bin	
0.01032	0.00023	0.01006	0.01245	   Digraph	176	180	       vec	
0.00426	0.00144	0.00390	0.01835	   Digraph	177	180	      fibo	
0.00294	0.00033	0.00271	0.00512	   Digraph	177	180	       bin	
0.01027	0.00023	0.01005	0.01245	   Digraph	177	180	       vec	
0.00437	0.00162	0.00400	0.02006	   Digraph	178	180	      fibo	
0.00289	0.00022	0.00274	0.00500	   Digraph	178	180	       bin	
0.01040	0.00023	0.01020	0.01255	   Digraph	178	180	       vec	
0.00511	0.00031	0.00490	0.00722	   Digraph	179	180	      fibo	
0.00446	0.00031	0.00427	0.00666	   Digraph	179	180	       bin	
0.01092	0.00023	0.01071	0.01305	   Digraph	179	180	       vec	
0.00433	0.00038	0.00400	0.00664	   Digraph	180	180	      fibo	
0.00296	0.00032	0.00273	0.00505	   Digraph	180	180	       bin	
0.01062	0.00024	0.01037	0.01287	   Digraph	180	180	       vec	
0.00434	0.00139	0.00399	0.01785	   Digraph	181	180	      fibo	
0.00291	0.00021	0.00277	0.00498	   Digraph	181	180	       bin	
0.01074	0.00021	0.01050	0.01271	   Digraph	181	180	       vec	
0.00430	0.00033	0.00408	0.00651	   Digraph	182	180	      fibo	
0.00307	0.00031	0.00290	0.00528	   Digraph	182	180	       bin	
0.01105	0.00222	0.01063	0.03313	   Digraph	182	180	       vec	
0.00432	0.00033	0.00408	0.00653	   Digraph	183	180	      fibo	
0.00295	0.00031	0.00278	0.00515	   Digraph	183	180	       bin	
0.01104	0.00221	0.01067	0.03303	   Digraph	183	180	       vec	
0.00438	0.00031	0.00411	0.00643	   Digraph	184	180	      fibo	
0.00302	0.00032	0.00283	0.00521	   Digraph	184	180	       bin	
0.01108	0.00024	0.01084	0.01327	   Digraph	184	180	       vec	
0.00444	0.00199	0.00406	0.02405	   Digraph	185	180	      fibo	
0.00306	0.00021	0.00291	0.00503	   Digraph	185	180	       bin	
0.01122	0.00021	0.01099	0.01315	   Digraph	185	180	       vec	
0.00453	0.00136	0.00416	0.01758	   Digraph	186	180	      fibo	
0.00300	0.00024	0.00285	0.00528	   Digraph	186	180	       bin	
0.01127	0.00021	0.01110	0.01325	   Digraph	186	180	       vec	
0.00458	0.00126	0.00423	0.01684	   Digraph	187	180	      fibo	
0.00316	0.00031	0.00299	0.00530	   Digraph	187	180	       bin	
0.01119	0.00024	0.01099	0.01343	   Digraph	187	180	       vec	
0.00439	0.00036	0.00417	0.00703	   Digraph	188	180	      fibo	
0.00303	0.00031	0.00282	0.00522	   Digraph	188	180	       bin	
0.01124	0.00022	0.01105	0.01330	   Digraph	188	180	       vec	
0.00447	0.00035	0.00420	0.00683	   Digraph	189	180	      fibo	
0.00323	0.00212	0.00289	0.02402	   Digraph	189	180	       bin	
0.01137	0.00025	0.01121	0.01371	   Digraph	189	180	       vec	
0.00450	0.00037	0.00421	0.00686	   Digraph	190	180	      fibo	
0.00312	0.00034	0.00286	0.00536	   Digraph	190	180	       bin	
0.01146	0.00026	0.01126	0.01386	   Digraph	190	180	       vec	
0.00456	0.00052	0.00425	0.00840	   Digraph	191	180	      fibo	
0.00328	0.00232	0.00285	0.02630	   Digraph	191	180	       bin	
0.01143	0.00024	0.01131	0.01367	   Digraph	191	180	       vec	
0.00462	0.00046	0.00429	0.00737	   Digraph	192	180	      fibo	
0.00320	0.00032	0.00301	0.00555	   Digraph	192	180	       bin	
0.01175	0.00024	0.01150	0.01396	   Digraph	192	180	       vec	
0.00478	0.00211	0.00434	0.02528	   Digraph	193	180	      fibo	
0.00322	0.00023	0.00305	0.00537	   Digraph	193	180	       bin	
0.01188	0.00022	0.01165	0.01393	   Digraph	193	180	       vec	
0.00462	0.00039	0.00427	0.00704	   Digraph	194	180	      fibo	
0.00312	0.00031	0.00289	0.00534	   Digraph	194	180	       bin	
0.01193	0.00023	0.01175	0.01408	   Digraph	194	180	       vec	
0.00513	0.00051	0.00471	0.00858	   Digraph	195	180	      fibo	
0.00365	0.00022	0.00348	0.00572	   Digraph	195	180	       bin	
0.01221	0.00023	0.01200	0.01438	   Digraph	195	180	       vec	
0.00472	0.00117	0.00432	0.01602	   Digraph	196	180	      fibo	
0.00318	0.00031	0.00297	0.00530	   Digraph	196	180	       bin	
0.01214	0.00023	0.01193	0.01426	   Digraph	196	180	       vec	
0.00490	0.00036	0.00462	0.00743	   Digraph	197	180	      fibo	
0.00365	0.00031	0.00344	0.00583	   Digraph	197	180	       bin	
0.01249	0.00023	0.01223	0.01455	   Digraph	197	180	       vec	
0.00479	0.00156	0.00441	0.01995	   Digraph	198	180	      fibo	
0.00316	0.00021	0.00300	0.00519	   Digraph	198	180	       bin	
0.01242	0.00023	0.01223	0.01454	   Digraph	198	180	       vec	
0.00469	0.00033	0.00441	0.00683	   Digraph	199	180	      fibo	
0.00318	0.00022	0.00299	0.00529	   Digraph	199	180	       bin	
0.01255	0.00023	0.01229	0.01465	   Digraph	199	180	       vec	
0.00479	0.00036	0.00446	0.00713	   Digraph	200	180	      fibo	
0.00353	0.00214	0.00317	0.02457	   Digraph	200	180	       bin	
0.01267	0.00023	0.01245	0.01485	   Digraph	200	180	       vec	
0.00478	0.00035	0.00448	0.00690	   Digraph	201	180	      fibo	
0.00323	0.00032	0.00303	0.00544	   Digraph	201	180	       bin	
0.01287	0.00228	0.01250	0.03559	   Digraph	201	180	       vec	
0.00478	0.00032	0.00450	0.00685	   Digraph	202	180	      fibo	
0.00323	0.00030	0.00306	0.00537	   Digraph	202	180	       bin	
0.01294	0.00023	0.01271	0.01499	   Digraph	202	180	       vec	
0.00488	0.00037	0.00454	0.00701	   Digraph	203	180	      fibo	
0.00349	0.00031	0.00331	0.00564	   Digraph	203	180	       bin	
0.01308	0.00023	0.01282	0.01517	   Digraph	203	180	       vec	
0.00477	0.00038	0.00448	0.00758	   Digraph	204	180	      fibo	
0.00329	0.00031	0.00309	0.00550	   Digraph	204	180	       bin	
0.01324	0.00028	0.01301	0.01536	   Digraph	204	180	       vec	
0.00487	0.00039	0.00452	0.00748	   Digraph	205	180	      fibo	
0.00328	0.00030	0.00309	0.00539	   Digraph	205	180	       bin	
0.01326	0.00023	0.01301	0.01528	   Digraph	205	180	       vec	
0.00481	0.00037	0.00453	0.00730	   Digraph	206	180	      fibo	
0.00337	0.00210	0.00304	0.02415	   Digraph	206	180	       bin	
0.01337	0.00023	0.01316	0.01555	   Digraph	206	180	       vec	
0.00482	0.00032	0.00454	0.00691	   Digraph	207	180	      fibo	
0.00336	0.00023	0.00321	0.00561	   Digraph	207	180	       bin	
0.01357	0.00024	0.01331	0.01555	   Digraph	207	180	       vec	
0.00495	0.00044	0.00462	0.00772	   Digraph	208	180	      fibo	
0.00330	0.00023	0.00312	0.00549	   Digraph	208	180	       bin	
0.01366	0.00023	0.01339	0.01568	   Digraph	208	180	       vec	
0.00510	0.00201	0.00462	0.02475	   Digraph	209	180	      fibo	
0.00326	0.00025	0.00312	0.00552	   Digraph	209	180	       bin	
0.01376	0.00023	0.01350	0.01584	   Digraph	209	180	       vec	
0.00493	0.00040	0.00463	0.00708	   Digraph	210	180	      fibo	
0.00338	0.00023	0.00319	0.00558	   Digraph	210	180	       bin	
0.01395	0.00021	0.01372	0.01583	   Digraph	210	180	       vec	
0.00522	0.00044	0.00489	0.00758	   Digraph	211	180	      fibo	
0.00393	0.00024	0.00367	0.00591	   Digraph	211	180	       bin	
0.01412	0.00024	0.01389	0.01627	   Digraph	211	180	       vec	
0.00500	0.00042	0.00468	0.00742	   Digraph	212	180	      fibo	
0.00336	0.00025	0.00316	0.00573	   Digraph	212	180	       bin	
0.01417	0.00024	0.01393	0.01639	   Digraph	212	180	       vec	
0.00517	0.00044	0.00479	0.00745	   Digraph	213	180	      fibo	
0.00346	0.00025	0.00320	0.00561	   Digraph	213	180	       bin	
0.01431	0.00023	0.01402	0.01632	   Digraph	213	180	       vec	
0.00518	0.00042	0.00485	0.00727	   Digraph	214	180	      fibo	
0.00353	0.00023	0.00335	0.00578	   Digraph	214	180	       bin	
0.01448	0.00024	0.01427	0.01671	   Digraph	214	180	       vec	
0.00512	0.00043	0.00479	0.00732	   Digraph	215	180	      fibo	
0.00341	0.00022	0.00323	0.00554	   Digraph	215	180	       bin	
0.01457	0.00022	0.01435	0.01657	   Digraph	215	180	       vec	
0.00516	0.00042	0.00481	0.00757	   Digraph	216	180	      fibo	
0.00343	0.00025	0.00322	0.00582	   Digraph	216	180	       bin	
0.01475	0.00033	0.01448	0.01700	   Digraph	216	180	       vec	
0.00525	0.00110	0.00487	0.01554	   Digraph	217	180	      fibo	
0.00350	0.00023	0.00331	0.00565	   Digraph	217	180	       bin	
0.01484	0.00021	0.01458	0.01675	   Digraph	217	180	       vec	
0.00526	0.00203	0.00478	0.02509	   Digraph	218	180	      fibo	
0.00343	0.00033	0.00321	0.00574	   Digraph	218	180	       bin	
0.01494	0.00024	0.01472	0.01713	   Digraph	218	180	       vec	
0.00524	0.00044	0.00484	0.00756	   Digraph	219	180	      fibo	
0.00361	0.00212	0.00323	0.02449	   Digraph	219	180	       bin	
0.01499	0.00024	0.01474	0.01708	   Digraph	219	180	       vec	
0.00520	0.00040	0.00489	0.00732	   Digraph	220	180	      fibo	
0.00355	0.00025	0.00328	0.00573	   Digraph	220	180	       bin	
0.01520	0.00034	0.01488	0.01742	   Digraph	220	180	       vec	
0.00530	0.00201	0.00484	0.02492	   Digraph	221	180	      fibo	
0.00362	0.00035	0.00339	0.00593	   Digraph	221	180	       bin	
0.01540	0.00023	0.01517	0.01745	   Digraph	221	180	       vec	
0.00526	0.00044	0.00490	0.00781	   Digraph	222	180	      fibo	
0.00355	0.00032	0.00331	0.00574	   Digraph	222	180	       bin	
0.01549	0.00022	0.01524	0.01743	   Digraph	222	180	       vec	
0.00539	0.00199	0.00492	0.02478	   Digraph	223	180	      fibo	
0.00351	0.00033	0.00328	0.00583	   Digraph	223	180	       bin	
0.01561	0.00023	0.01538	0.01765	   Digraph	223	180	       vec	
0.00541	0.00043	0.00509	0.00800	   Digraph	224	180	      fibo	
0.00373	0.00035	0.00346	0.00604	   Digraph	224	180	       bin	
0.01579	0.00025	0.01557	0.01792	   Digraph	224	180	       vec	
0.00550	0.00202	0.00503	0.02515	   Digraph	225	180	      fibo	
0.00369	0.00033	0.00344	0.00600	   Digraph	225	180	       bin	
0.01592	0.00023	0.01570	0.01801	   Digraph	225	180	       vec	
0.00534	0.00043	0.00502	0.00790	   Digraph	226	180	      fibo	
0.00364	0.00032	0.00342	0.00601	   Digraph	226	180	       bin	
0.01608	0.00025	0.01577	0.01837	   Digraph	226	180	       vec	
0.00531	0.00047	0.00498	0.00847	   Digraph	227	180	      fibo	
0.00361	0.00032	0.00340	0.00590	   Digraph	227	180	       bin	
0.01621	0.00023	0.01598	0.01829	   Digraph	227	180	       vec	
0.00555	0.00046	0.00522	0.00868	   Digraph	228	180	      fibo	
0.00399	0.00032	0.00372	0.00616	   Digraph	228	180	       bin	
0.01646	0.00024	0.01620	0.01863	   Digraph	228	180	       vec	
0.00550	0.00041	0.00517	0.00772	   Digraph	229	180	      fibo	
0.00372	0.00031	0.00349	0.00587	   Digraph	229	180	       bin	
0.01654	0.00024	0.01622	0.01863	   Digraph	229	180	       vec	
0.00536	0.00042	0.00504	0.00771	   Digraph	230	180	      fibo	
0.00366	0.00032	0.00349	0.00588	   Digraph	230	180	       bin	
0.01664	0.00026	0.01639	0.01903	   Digraph	230	180	       vec	
0.00541	0.00049	0.00508	0.00874	   Digraph	231	180	      fibo	
0.00369	0.00034	0.00344	0.00610	   Digraph	231	180	       bin	
0.01674	0.00024	0.01645	0.01883	   Digraph	231	180	       vec	
0.00557	0.00205	0.00511	0.02545	   Digraph	232	180	      fibo	
0.00372	0.00023	0.00351	0.00592	   Digraph	232	180	       bin	
0.01688	0.00031	0.01658	0.01905	   Digraph	232	180	       vec	
0.00545	0.00044	0.00511	0.00784	   Digraph	233	180	      fibo	
0.00382	0.00201	0.00347	0.02367	   Digraph	233	180	       bin	
0.01698	0.00024	0.01673	0.01923	   Digraph	233	180	       vec	
0.00550	0.00042	0.00517	0.00799	   Digraph	234	180	      fibo	
0.00376	0.00032	0.00357	0.00594	   Digraph	234	180	       bin	
0.01718	0.00024	0.01695	0.01937	   Digraph	234	180	       vec	
0.00571	0.00193	0.00528	0.02450	   Digraph	235	180	      fibo	
0.00400	0.00031	0.00381	0.00618	   Digraph	235	180	       bin	
0.01739	0.00023	0.01719	0.01946	   Digraph	235	180	       vec	
0.00573	0.00208	0.00520	0.02600	   Digraph	236	180	      fibo	
0.00364	0.00035	0.00345	0.00602	   Digraph	236	180	       bin	
0.01739	0.00023	0.01715	0.01937	   Digraph	236	180	       vec	
0.00556	0.00044	0.00522	0.00832	   Digraph	237	180	      fibo	
0.00384	0.00218	0.00344	0.02526	   Digraph	237	180	       bin	
0.01748	0.00028	0.01724	0.02004	   Digraph	237	180	       vec	
0.00562	0.00046	0.00531	0.00851	   Digraph	238	180	      fibo	
0.00377	0.00030	0.00354	0.00589	   Digraph	238	180	       bin	
0.01771	0.00024	0.01740	0.01980	   Digraph	238	180	       vec	
0.00576	0.00182	0.00534	0.02348	   Digraph	239	180	      fibo	
0.00384	0.00032	0.00360	0.00609	   Digraph	239	180	       bin	
0.01788	0.00028	0.01763	0.02008	   Digraph	239	180	       vec	
0.00564	0.00043	0.00531	0.00792	   Digraph	240	180	      fibo	
0.00384	0.00034	0.00361	0.00619	   Digraph	240	180	       bin	
0.01802	0.00025	0.01771	0.02008	   Digraph	240	180	       vec	
0.00557	0.00044	0.00525	0.00828	   Digraph	241	180	      fibo	
0.00395	0.00222	0.00351	0.02592	   Digraph	241	180	       bin	
0.01798	0.00028	0.01772	0.02036	   Digraph	241	180	       vec	
0.00580	0.00041	0.00544	0.00791	   Digraph	242	180	      fibo	
0.00394	0.00031	0.00373	0.00602	   Digraph	242	180	       bin	
0.01828	0.00022	0.01805	0.02024	   Digraph	242	180	       vec	
0.00570	0.00041	0.00538	0.00812	   Digraph	243	180	      fibo	
0.00384	0.00033	0.00360	0.00611	   Digraph	243	180	       bin	
0.01843	0.00024	0.01811	0.02048	   Digraph	243	180	       vec	
0.00573	0.00041	0.00540	0.00806	   Digraph	244	180	      fibo	
0.00385	0.00032	0.00361	0.00607	   Digraph	244	180	       bin	
0.01859	0.00028	0.01820	0.02077	   Digraph	244	180	       vec	
0.00583	0.00047	0.00542	0.00838	   Digraph	245	180	      fibo	
0.00395	0.00037	0.00362	0.00646	   Digraph	245	180	       bin	
0.01870	0.00027	0.01841	0.02106	   Digraph	245	180	       vec	
0.00579	0.00042	0.00547	0.00824	   Digraph	246	180	      fibo	
0.00395	0.00200	0.00358	0.02365	   Digraph	246	180	       bin	
0.01886	0.00024	0.01852	0.02087	   Digraph	246	180	       vec	
0.00575	0.00039	0.00542	0.00786	   Digraph	247	180	      fibo	
0.00390	0.00032	0.00366	0.00606	   Digraph	247	180	       bin	
0.01909	0.00034	0.01875	0.02126	   Digraph	247	180	       vec	
0.00588	0.00156	0.00538	0.02067	   Digraph	248	180	      fibo	
0.00392	0.00031	0.00367	0.00609	   Digraph	248	180	       bin	
0.01921	0.00025	0.01891	0.02139	   Digraph	248	180	       vec	
0.00582	0.00043	0.00549	0.00832	   Digraph	249	180	      fibo	
0.00395	0.00032	0.00370	0.00617	   Digraph	249	180	       bin	
0.01942	0.00032	0.01907	0.02160	   Digraph	249	180	       vec	
0.00597	0.00178	0.00555	0.02319	   Digraph	250	180	      fibo	
0.00404	0.00031	0.00384	0.00623	   Digraph	250	180	       bin	
0.01958	0.00033	0.01924	0.02184	   Digraph	250	180	       vec	
0.00591	0.00044	0.00561	0.00879	   Digraph	251	180	      fibo	
0.00401	0.00031	0.00379	0.00611	   Digraph	251	180	       bin	
0.01971	0.00033	0.01940	0.02202	   Digraph	251	180	       vec	
0.00580	0.00041	0.00554	0.00897	   Digraph	252	180	      fibo	
0.00397	0.00026	0.00373	0.00610	   Digraph	252	180	       bin	
0.01980	0.00026	0.01952	0.02189	   Digraph	252	180	       vec	
0.00603	0.00234	0.00550	0.02888	   Digraph	253	180	      fibo	
0.00396	0.00026	0.00372	0.00636	   Digraph	253	180	       bin	
0.01982	0.00012	0.01957	0.02014	   Digraph	253	180	       vec	
0.00605	0.00331	0.00552	0.03885	   Digraph	254	180	      fibo	
0.00392	0.00026	0.00369	0.00632	   Digraph	254	180	       bin	
0.01997	0.00019	0.01970	0.02117	   Digraph	254	180	       vec	
0.00629	0.00326	0.00569	0.03849	   Digraph	255	180	      fibo	
0.00390	0.00027	0.00371	0.00616	   Digraph	255	180	       bin	
0.02014	0.00026	0.01989	0.02230	   Digraph	255	180	       vec	
0.00613	0.00038	0.00578	0.00859	   Digraph	256	180	      fibo	
0.00433	0.00317	0.00386	0.03564	   Digraph	256	180	       bin	
0.02036	0.00027	0.02008	0.02277	   Digraph	256	180	       vec	
0.00610	0.00039	0.00576	0.00852	   Digraph	257	180	      fibo	
0.00418	0.00299	0.00375	0.03377	   Digraph	257	180	       bin	
0.02046	0.00027	0.02016	0.02274	   Digraph	257	180	       vec	
0.00608	0.00035	0.00573	0.00817	   Digraph	258	180	      fibo	
0.00405	0.00033	0.00382	0.00649	   Digraph	258	180	       bin	
0.02069	0.00024	0.02043	0.02267	   Digraph	258	180	       vec	
0.00614	0.00047	0.00579	0.00931	   Digraph	259	180	      fibo	
0.00405	0.00024	0.00384	0.00628	   Digraph	259	180	       bin	
0.02090	0.00026	0.02060	0.02301	   Digraph	259	180	       vec	
0.00618	0.00208	0.00574	0.02644	   Digraph	260	180	      fibo	
0.00407	0.00031	0.00383	0.00620	   Digraph	260	180	       bin	
0.02101	0.00028	0.02071	0.02349	   Digraph	260	180	       vec	
0.00618	0.00046	0.00582	0.00923	   Digraph	261	180	      fibo	
0.00412	0.00032	0.00387	0.00632	   Digraph	261	180	       bin	
0.02129	0.00278	0.02081	0.04890	   Digraph	261	180	       vec	
0.00627	0.00045	0.00591	0.00854	   Digraph	262	180	      fibo	
0.00419	0.00031	0.00395	0.00632	   Digraph	262	180	       bin	
0.02152	0.00255	0.02099	0.04684	   Digraph	262	180	       vec	
0.00620	0.00040	0.00588	0.00855	   Digraph	263	180	      fibo	
0.00428	0.00033	0.00404	0.00658	   Digraph	263	180	       bin	
0.02162	0.00028	0.02126	0.02408	   Digraph	263	180	       vec	
0.00631	0.00041	0.00598	0.00862	   Digraph	264	180	      fibo	
0.00419	0.00035	0.00394	0.00668	   Digraph	264	180	       bin	
0.02177	0.00032	0.02149	0.02408	   Digraph	264	180	       vec	
0.00654	0.00216	0.00596	0.02669	   Digraph	265	180	      fibo	
0.00413	0.00037	0.00389	0.00658	   Digraph	265	180	       bin	
0.02185	0.00026	0.02153	0.02397	   Digraph	265	180	       vec	
0.00633	0.00100	0.00596	0.01277	   Digraph	266	180	      fibo	
0.00413	0.00027	0.00394	0.00675	   Digraph	266	180	       bin	
0.02188	0.00011	0.02171	0.02245	   Digraph	266	180	       vec	
0.00639	0.00035	0.00601	0.00874	   Digraph	267	180	      fibo	
0.00488	0.00745	0.00390	0.07894	   Digraph	267	180	       bin	
0.02186	0.00007	0.02172	0.02210	   Digraph	267	180	       vec	
0.00621	0.00026	0.00595	0.00822	   Digraph	268	180	      fibo	
0.00483	0.00611	0.00393	0.06537	   Digraph	268	180	       bin	
0.02206	0.00011	0.02190	0.02281	   Digraph	268	180	       vec	
0.00644	0.00058	0.00602	0.01035	   Digraph	269	180	      fibo	
0.00415	0.00012	0.00399	0.00492	   Digraph	269	180	       bin	
0.02242	0.00028	0.02217	0.02487	   Digraph	269	180	       vec	
0.00646	0.00032	0.00605	0.00897	   Digraph	270	180	      fibo	
0.00421	0.00027	0.00396	0.00657	   Digraph	270	180	       bin	
0.02264	0.00031	0.02232	0.02536	   Digraph	270	180	       vec	
0.00697	0.00107	0.00633	0.01351	   Digraph	271	180	      fibo	
0.00448	0.00026	0.00425	0.00700	   Digraph	271	180	       bin	
0.02277	0.00027	0.02256	0.02492	   Digraph	271	180	       vec	
0.00643	0.00042	0.00605	0.00883	   Digraph	272	180	      fibo	
0.00445	0.00371	0.00398	0.04127	   Digraph	272	180	       bin	
0.02294	0.00014	0.02266	0.02359	   Digraph	272	180	       vec	
0.00671	0.00037	0.00634	0.00903	   Digraph	273	180	      fibo	
0.00452	0.00023	0.00428	0.00671	   Digraph	273	180	       bin	
0.02327	0.00029	0.02295	0.02567	   Digraph	273	180	       vec	
0.00699	0.00230	0.00649	0.02949	   Digraph	274	180	      fibo	
0.00499	0.00026	0.00477	0.00741	   Digraph	274	180	       bin	
0.02354	0.00024	0.02327	0.02557	   Digraph	274	180	       vec	
0.00665	0.00265	0.00615	0.03272	   Digraph	275	180	      fibo	
0.00439	0.00027	0.00414	0.00660	   Digraph	275	180	       bin	
0.02350	0.00025	0.02322	0.02560	   Digraph	275	180	       vec	
0.00667	0.00263	0.00617	0.03259	   Digraph	276	180	      fibo	
0.00429	0.00024	0.00408	0.00655	   Digraph	276	180	       bin	
0.02363	0.00013	0.02337	0.02393	   Digraph	276	180	       vec	
0.00672	0.00258	0.00622	0.03191	   Digraph	277	180	      fibo	
0.00433	0.00034	0.00407	0.00667	   Digraph	277	180	       bin	
0.02381	0.00028	0.02351	0.02597	   Digraph	277	180	       vec	
0.00702	0.00231	0.00651	0.02943	   Digraph	278	180	      fibo	
0.00486	0.00033	0.00459	0.00701	   Digraph	278	180	       bin	
0.02414	0.00028	0.02383	0.02620	   Digraph	278	180	       vec	
0.00674	0.00123	0.00626	0.01304	   Digraph	279	180	      fibo	
0.00437	0.00027	0.00413	0.00689	   Digraph	279	180	       bin	
0.02398	0.00030	0.02369	0.02616	   Digraph	279	180	       vec	
0.00701	0.00401	0.00621	0.04664	   Digraph	280	180	      fibo	
0.00418	0.00027	0.00406	0.00669	   Digraph	280	180	       bin	
0.02424	0.00013	0.02392	0.02455	   Digraph	280	180	       vec	
0.00669	0.00040	0.00632	0.00893	   Digraph	281	180	      fibo	
0.00437	0.00027	0.00411	0.00689	   Digraph	281	180	       bin	
0.02451	0.00027	0.02415	0.02668	   Digraph	281	180	       vec	
0.00669	0.00041	0.00632	0.00975	   Digraph	282	180	      fibo	
0.00469	0.00336	0.00416	0.03801	   Digraph	282	180	       bin	
0.02452	0.00028	0.02421	0.02700	   Digraph	282	180	       vec	
0.00680	0.00039	0.00642	0.00905	   Digraph	283	180	      fibo	
0.00445	0.00034	0.00415	0.00669	   Digraph	283	180	       bin	
0.02476	0.00026	0.02448	0.02689	   Digraph	283	180	       vec	
0.00664	0.00047	0.00628	0.00984	   Digraph	284	180	      fibo	
0.00439	0.00023	0.00420	0.00657	   Digraph	284	180	       bin	
0.02499	0.00026	0.02464	0.02694	   Digraph	284	180	       vec	
0.00671	0.00121	0.00624	0.01792	   Digraph	285	180	      fibo	
0.00444	0.00034	0.00420	0.00680	   Digraph	285	180	       bin	
0.02510	0.00031	0.02473	0.02752	   Digraph	285	180	       vec	
0.00663	0.00041	0.00636	0.00929	   Digraph	286	180	      fibo	
0.00460	0.00039	0.00426	0.00679	   Digraph	286	180	       bin	
0.02528	0.00020	0.02494	0.02588	   Digraph	286	180	       vec	
0.00689	0.00050	0.00646	0.00963	   Digraph	287	180	      fibo	
0.00444	0.00024	0.00422	0.00674	   Digraph	287	180	       bin	
0.02542	0.00029	0.02508	0.02780	   Digraph	287	180	       vec	
0.00698	0.00237	0.00642	0.03018	   Digraph	288	180	      fibo	
0.00446	0.00026	0.00422	0.00683	   Digraph	288	180	       bin	
0.02556	0.00025	0.02528	0.02765	   Digraph	288	180	       vec	
0.00678	0.00042	0.00642	0.00982	   Digraph	289	180	      fibo	
0.00452	0.00032	0.00424	0.00675	   Digraph	289	180	       bin	
0.02585	0.00027	0.02553	0.02799	   Digraph	289	180	       vec	
0.00688	0.00048	0.00647	0.00947	   Digraph	290	180	      fibo	
0.00453	0.00025	0.00434	0.00682	   Digraph	290	180	       bin	
0.02599	0.00028	0.02565	0.02824	   Digraph	290	180	       vec	
0.00683	0.00044	0.00646	0.00954	   Digraph	291	180	      fibo	
0.00453	0.00033	0.00426	0.00683	   Digraph	291	180	       bin	
0.02617	0.00027	0.02586	0.02818	   Digraph	291	180	       vec	
0.00725	0.00031	0.00701	0.00971	   Digraph	292	180	      fibo	
0.00555	0.00025	0.00527	0.00753	   Digraph	292	180	       bin	
0.02666	0.00026	0.02628	0.02883	   Digraph	292	180	       vec	
0.00690	0.00042	0.00652	0.00961	   Digraph	293	180	      fibo	
0.00493	0.00460	0.00423	0.05071	   Digraph	293	180	       bin	
0.02624	0.00013	0.02603	0.02680	   Digraph	293	180	       vec	
0.00697	0.00057	0.00649	0.00997	   Digraph	294	180	      fibo	
0.00463	0.00027	0.00428	0.00693	   Digraph	294	180	       bin	
0.02664	0.00030	0.02625	0.02908	   Digraph	294	180	       vec	
0.00690	0.00044	0.00653	0.00940	   Digraph	295	180	      fibo	
0.00467	0.00038	0.00434	0.00705	   Digraph	295	180	       bin	
0.02686	0.00030	0.02657	0.02933	   Digraph	295	180	       vec	
0.00698	0.00049	0.00657	0.00964	   Digraph	296	180	      fibo	
0.00460	0.00024	0.00438	0.00690	   Digraph	296	180	       bin	
0.02733	0.00352	0.02658	0.06227	   Digraph	296	180	       vec	
0.00696	0.00051	0.00658	0.00951	   Digraph	297	180	      fibo	
0.00458	0.00027	0.00434	0.00719	   Digraph	297	180	       bin	
0.02724	0.00037	0.02688	0.02969	   Digraph	297	180	       vec	
0.00707	0.00082	0.00660	0.01380	   Digraph	298	180	      fibo	
0.00489	0.00035	0.00459	0.00735	   Digraph	298	180	       bin	
0.02755	0.00025	0.02721	0.02942	   Digraph	298	180	       vec	
0.00700	0.00075	0.00660	0.01327	   Digraph	299	180	      fibo	
0.00465	0.00032	0.00438	0.00684	   Digraph	299	180	       bin	
0.02792	0.00285	0.02712	0.05619	   Digraph	299	180	       vec	
0.00724	0.00083	0.00680	0.01414	   Digraph	300	180	      fibo	
0.00489	0.00031	0.00463	0.00707	   Digraph	300	180	       bin	
0.02795	0.00030	0.02755	0.03043	   Digraph	300	180	       vec	
0.00694	0.00030	0.00668	0.00949	   Digraph	301	180	      fibo	
0.00456	0.00027	0.00437	0.00699	   Digraph	301	180	       bin	
0.02791	0.00018	0.02764	0.02838	   Digraph	301	180	       vec	
0.00742	0.00068	0.00682	0.01095	   Digraph	302	180	      fibo	
0.00493	0.00026	0.00465	0.00730	   Digraph	302	180	       bin	
0.02868	0.00764	0.02778	0.10465	   Digraph	302	180	       vec	
0.00697	0.00031	0.00673	0.00923	   Digraph	303	180	      fibo	
0.00479	0.00100	0.00447	0.01430	   Digraph	303	180	       bin	
0.02823	0.00027	0.02797	0.03049	   Digraph	303	180	       vec	
0.00764	0.00599	0.00672	0.06710	   Digraph	304	180	      fibo	
0.00460	0.00005	0.00455	0.00487	   Digraph	304	180	       bin	
0.02850	0.00028	0.02812	0.03079	   Digraph	304	180	       vec	
0.00715	0.00039	0.00677	0.00952	   Digraph	305	180	      fibo	
0.00474	0.00027	0.00453	0.00707	   Digraph	305	180	       bin	
0.02926	0.00565	0.02830	0.08541	   Digraph	305	180	       vec	
0.00713	0.00039	0.00684	0.00972	   Digraph	306	180	      fibo	
0.00485	0.00027	0.00463	0.00738	   Digraph	306	180	       bin	
0.02892	0.00014	0.02865	0.02942	   Digraph	306	180	       vec	
0.00720	0.00049	0.00678	0.01007	   Digraph	307	180	      fibo	
0.00476	0.00025	0.00450	0.00704	   Digraph	307	180	       bin	
0.02910	0.00027	0.02872	0.03099	   Digraph	307	180	       vec	
0.00724	0.00039	0.00683	0.00974	   Digraph	308	180	      fibo	
0.00491	0.00035	0.00459	0.00708	   Digraph	308	180	       bin	
0.02923	0.00030	0.02894	0.03164	   Digraph	308	180	       vec	
0.00730	0.00049	0.00691	0.01049	   Digraph	309	180	      fibo	
0.00512	0.00341	0.00452	0.03896	   Digraph	309	180	       bin	
0.02928	0.00027	0.02897	0.03159	   Digraph	309	180	       vec	
0.00727	0.00045	0.00684	0.00973	   Digraph	310	180	      fibo	
0.00483	0.00034	0.00457	0.00716	   Digraph	310	180	       bin	
0.02970	0.00027	0.02930	0.03188	   Digraph	310	180	       vec	
0.00713	0.00044	0.00694	0.01053	   Digraph	311	180	      fibo	
0.00484	0.00035	0.00463	0.00728	   Digraph	311	180	       bin	
0.02991	0.00039	0.02947	0.03267	   Digraph	311	180	       vec	
0.00739	0.00052	0.00694	0.01020	   Digraph	312	180	      fibo	
0.00482	0.00029	0.00455	0.00762	   Digraph	312	180	       bin	
0.03004	0.00034	0.02961	0.03220	   Digraph	312	180	       vec	
0.00727	0.00046	0.00689	0.01052	   Digraph	313	180	      fibo	
0.00488	0.00027	0.00457	0.00691	   Digraph	313	180	       bin	
0.03014	0.00034	0.02977	0.03280	   Digraph	313	180	       vec	
0.00730	0.00039	0.00694	0.00998	   Digraph	314	180	      fibo	
0.00493	0.00035	0.00468	0.00759	   Digraph	314	180	       bin	
0.03049	0.00027	0.03009	0.03271	   Digraph	314	180	       vec	
0.00745	0.00052	0.00700	0.01056	   Digraph	315	180	      fibo	
0.00490	0.00035	0.00462	0.00732	   Digraph	315	180	       bin	
0.03061	0.00031	0.03026	0.03290	   Digraph	315	180	       vec	
0.00736	0.00045	0.00702	0.00989	   Digraph	316	180	      fibo	
0.00507	0.00306	0.00454	0.03534	   Digraph	316	180	       bin	
0.03060	0.00027	0.03029	0.03279	   Digraph	316	180	       vec	
0.00730	0.00078	0.00702	0.01416	   Digraph	317	180	      fibo	
0.00491	0.00029	0.00470	0.00718	   Digraph	317	180	       bin	
0.03091	0.00022	0.03049	0.03139	   Digraph	317	180	       vec	
0.00748	0.00047	0.00702	0.00996	   Digraph	318	180	      fibo	
0.00524	0.00481	0.00457	0.05309	   Digraph	318	180	       bin	
0.03086	0.00026	0.03057	0.03302	   Digraph	318	180	       vec	
0.00760	0.00045	0.00722	0.01017	   Digraph	319	180	      fibo	
0.00501	0.00026	0.00476	0.00725	   Digraph	319	180	       bin	
0.03143	0.00034	0.03107	0.03414	   Digraph	319	180	       vec	
0.00749	0.00039	0.00710	0.01006	   Digraph	320	180	      fibo	
0.00497	0.00034	0.00469	0.00742	   Digraph	320	180	       bin	
0.03162	0.00032	0.03122	0.03395	   Digraph	320	180	       vec	
0.00746	0.00045	0.00707	0.01006	   Digraph	321	180	      fibo	
0.00497	0.00022	0.00468	0.00703	   Digraph	321	180	       bin	
0.03222	0.00125	0.03144	0.03970	   Digraph	321	180	       vec	
0.00758	0.00047	0.00718	0.01005	   Digraph	322	180	      fibo	
0.00510	0.00034	0.00472	0.00728	   Digraph	322	180	       bin	
0.03189	0.00031	0.03151	0.03425	   Digraph	322	180	       vec	
0.00741	0.00028	0.00719	0.00989	   Digraph	323	180	      fibo	
0.00479	0.00028	0.00465	0.00728	   Digraph	323	180	       bin	
0.03201	0.00014	0.03172	0.03250	   Digraph	323	180	       vec	
0.00782	0.00054	0.00727	0.01048	   Digraph	324	180	      fibo	
0.00511	0.00050	0.00472	0.00734	   Digraph	324	180	       bin	
0.03231	0.00024	0.03193	0.03359	   Digraph	324	180	       vec	
0.00776	0.00035	0.00723	0.01001	   Digraph	325	180	      fibo	
0.00558	0.00689	0.00468	0.07413	   Digraph	325	180	       bin	
0.03232	0.00080	0.03201	0.03921	   Digraph	325	180	       vec	
0.00764	0.00036	0.00721	0.00979	   Digraph	326	180	      fibo	
0.00511	0.00042	0.00480	0.00753	   Digraph	326	180	       bin	
0.03297	0.00126	0.03235	0.04376	   Digraph	326	180	       vec	
0.00787	0.00340	0.00725	0.04146	   Digraph	327	180	      fibo	
0.00514	0.00025	0.00488	0.00730	   Digraph	327	180	       bin	
0.03302	0.00047	0.03266	0.03687	   Digraph	327	180	       vec	
0.00772	0.00045	0.00731	0.01079	   Digraph	328	180	      fibo	
0.00507	0.00028	0.00486	0.00734	   Digraph	328	180	       bin	
0.03316	0.00034	0.03272	0.03576	   Digraph	328	180	       vec	
0.00826	0.00156	0.00746	0.01511	   Digraph	329	180	      fibo	
0.00522	0.00368	0.00473	0.04185	   Digraph	329	180	       bin	
0.03316	0.00063	0.03272	0.03814	   Digraph	329	180	       vec	
0.00770	0.00046	0.00724	0.01059	   Digraph	330	180	      fibo	
0.00515	0.00036	0.00484	0.00755	   Digraph	330	180	       bin	
0.03352	0.00033	0.03315	0.03585	   Digraph	330	180	       vec	
0.00778	0.00226	0.00724	0.03004	   Digraph	331	180	      fibo	
0.00513	0.00034	0.00484	0.00750	   Digraph	331	180	       bin	
0.03378	0.00028	0.03341	0.03603	   Digraph	331	180	       vec	
0.00781	0.00050	0.00741	0.01104	   Digraph	332	180	      fibo	
0.00534	0.00035	0.00506	0.00779	   Digraph	332	180	       bin	
0.03403	0.00028	0.03355	0.03613	   Digraph	332	180	       vec	
0.00754	0.00027	0.00730	0.00996	   Digraph	333	180	      fibo	
0.00492	0.00029	0.00479	0.00760	   Digraph	333	180	       bin	
0.03401	0.00017	0.03368	0.03465	   Digraph	333	180	       vec	
0.00804	0.00058	0.00749	0.01101	   Digraph	334	180	      fibo	
0.00597	0.00916	0.00485	0.09710	   Digraph	334	180	       bin	
0.03401	0.00013	0.03377	0.03448	   Digraph	334	180	       vec	
0.00783	0.00032	0.00747	0.00996	   Digraph	335	180	      fibo	
0.00520	0.00041	0.00492	0.00753	   Digraph	335	180	       bin	
0.03440	0.00021	0.03407	0.03558	   Digraph	335	180	       vec	
0.00812	0.00467	0.00745	0.05450	   Digraph	336	180	      fibo	
0.00514	0.00024	0.00483	0.00730	   Digraph	336	180	       bin	
0.03476	0.00042	0.03427	0.03671	   Digraph	336	180	       vec	
0.00791	0.00043	0.00743	0.01046	   Digraph	337	180	      fibo	
0.00519	0.00027	0.00490	0.00745	   Digraph	337	180	       bin	
0.03411	0.00039	0.03376	0.03756	   Digraph	337	180	       vec	
0.00787	0.00044	0.00749	0.01113	   Digraph	338	180	      fibo	
0.00518	0.00033	0.00492	0.00757	   Digraph	338	180	       bin	
0.03434	0.00031	0.03399	0.03645	   Digraph	338	180	       vec	
0.00788	0.00053	0.00749	0.01146	   Digraph	339	180	      fibo	
0.00536	0.00368	0.00485	0.04195	   Digraph	339	180	       bin	
0.03445	0.00030	0.03407	0.03693	   Digraph	339	180	       vec	
0.00782	0.00048	0.00745	0.01047	   Digraph	340	180	      fibo	
0.00524	0.00035	0.00494	0.00767	   Digraph	340	180	       bin	
0.03477	0.00029	0.03439	0.03702	   Digraph	340	180	       vec	
0.00772	0.00029	0.00749	0.01017	   Digraph	341	180	      fibo	
0.00497	0.00009	0.00488	0.00541	   Digraph	341	180	       bin	
0.03488	0.00029	0.03451	0.03691	   Digraph	341	180	       vec	
0.00814	0.00096	0.00749	0.01688	   Digraph	342	180	      fibo	
0.00530	0.00056	0.00488	0.00785	   Digraph	342	180	       bin	
0.03506	0.00024	0.03470	0.03634	   Digraph	342	180	       vec	
0.00820	0.00036	0.00761	0.01122	   Digraph	343	180	      fibo	
0.00574	0.00690	0.00489	0.07434	   Digraph	343	180	       bin	
0.03505	0.00019	0.03481	0.03596	   Digraph	343	180	       vec	
0.00796	0.00033	0.00761	0.01021	   Digraph	344	180	      fibo	
0.00533	0.00050	0.00502	0.00787	   Digraph	344	180	       bin	
0.03553	0.00029	0.03511	0.03775	   Digraph	344	180	       vec	
0.00815	0.00295	0.00755	0.03715	   Digraph	345	180	      fibo	
0.00527	0.00030	0.00503	0.00752	   Digraph	345	180	       bin	
0.03570	0.00027	0.03537	0.03787	   Digraph	345	180	       vec	
0.00811	0.00042	0.00771	0.01101	   Digraph	346	180	      fibo	
0.00532	0.00033	0.00499	0.00762	   Digraph	346	180	       bin	
0.03601	0.00028	0.03563	0.03803	   Digraph	346	180	       vec	
0.00804	0.00053	0.00764	0.01141	   Digraph	347	180	      fibo	
0.00550	0.00373	0.00495	0.04254	   Digraph	347	180	       bin	
0.03612	0.00028	0.03576	0.03834	   Digraph	347	180	       vec	
0.00817	0.00091	0.00769	0.01598	   Digraph	348	180	      fibo	
0.00533	0.00034	0.00503	0.00764	   Digraph	348	180	       bin	
0.03668	0.00360	0.03591	0.07236	   Digraph	348	180	       vec	
0.00792	0.00026	0.00770	0.01019	   Digraph	349	180	      fibo	
0.00509	0.00026	0.00496	0.00745	   Digraph	349	180	       bin	
0.03646	0.00015	0.03615	0.03705	   Digraph	349	180	       vec	
0.00836	0.00068	0.00775	0.01281	   Digraph	350	180	      fibo	
0.00606	0.00930	0.00499	0.09859	   Digraph	350	180	       bin	
0.03645	0.00013	0.03620	0.03713	   Digraph	350	180	       vec	
0.00817	0.00034	0.00780	0.01037	   Digraph	351	180	      fibo	
0.00541	0.00043	0.00512	0.00777	   Digraph	351	180	       bin	
0.03772	0.00796	0.03651	0.11686	   Digraph	351	180	       vec	
0.00801	0.00033	0.00772	0.01057	   Digraph	352	180	      fibo	
0.00530	0.00032	0.00500	0.00801	   Digraph	352	180	       bin	
0.03712	0.00030	0.03670	0.03924	   Digraph	352	180	       vec	
0.00819	0.00044	0.00779	0.01091	   Digraph	353	180	      fibo	
0.00540	0.00032	0.00514	0.00781	   Digraph	353	180	       bin	
0.03736	0.00019	0.03697	0.03809	   Digraph	353	180	       vec	
0.00829	0.00051	0.00787	0.01108	   Digraph	354	180	      fibo	
0.00553	0.00025	0.00525	0.00785	   Digraph	354	180	       bin	
0.03793	0.00543	0.03715	0.09191	   Digraph	354	180	       vec	
0.00825	0.00057	0.00784	0.01169	   Digraph	355	180	      fibo	
0.00551	0.00033	0.00521	0.00785	   Digraph	355	180	       bin	
0.03789	0.00029	0.03745	0.04011	   Digraph	355	180	       vec	
0.00845	0.00288	0.00792	0.03682	   Digraph	356	180	      fibo	
0.00549	0.00034	0.00520	0.00779	   Digraph	356	180	       bin	
0.03811	0.00032	0.03765	0.04043	   Digraph	356	180	       vec	
0.00810	0.00032	0.00782	0.01040	   Digraph	357	180	      fibo	
0.00546	0.00027	0.00511	0.00760	   Digraph	357	180	       bin	
0.03822	0.00029	0.03785	0.04031	   Digraph	357	180	       vec	
0.00850	0.00048	0.00794	0.01148	   Digraph	358	180	      fibo	
0.00549	0.00028	0.00517	0.00774	   Digraph	358	180	       bin	
0.03842	0.00030	0.03809	0.04069	   Digraph	358	180	       vec	
0.00833	0.00049	0.00795	0.01190	   Digraph	359	180	      fibo	
0.00553	0.00043	0.00523	0.00793	   Digraph	359	180	       bin	
0.03873	0.00028	0.03835	0.04081	   Digraph	359	180	       vec	
0.00839	0.00048	0.00794	0.01099	   Digraph	360	180	      fibo	
0.00552	0.00036	0.00520	0.00798	   Digraph	360	180	       bin	
0.03914	0.00386	0.03836	0.07745	   Digraph	360	180	       vec	
0.00815	0.00029	0.00792	0.01063	   Digraph	361	180	      fibo	
0.00526	0.00012	0.00515	0.00598	   Digraph	361	180	       bin	
0.03908	0.00026	0.03877	0.04102	   Digraph	361	180	       vec	
0.00857	0.00107	0.00794	0.01857	   Digraph	362	180	      fibo	
0.00557	0.00058	0.00517	0.00821	   Digraph	362	180	       bin	
0.03929	0.00020	0.03895	0.03987	   Digraph	362	180	       vec	
0.00869	0.00043	0.00807	0.01224	   Digraph	363	180	      fibo	
0.00595	0.00603	0.00518	0.06595	   Digraph	363	180	       bin	
0.03928	0.00029	0.03899	0.04192	   Digraph	363	180	       vec	
0.00847	0.00058	0.00806	0.01295	   Digraph	364	180	      fibo	
0.00554	0.00028	0.00531	0.00797	   Digraph	364	180	       bin	
0.04029	0.00641	0.03925	0.10397	   Digraph	364	180	       vec	
0.00834	0.00102	0.00791	0.01768	   Digraph	365	180	      fibo	
0.00556	0.00027	0.00529	0.00801	   Digraph	365	180	       bin	
0.04000	0.00030	0.03963	0.04213	   Digraph	365	180	       vec	
0.00867	0.00344	0.00809	0.04260	   Digraph	366	180	      fibo	
0.00560	0.00029	0.00532	0.00781	   Digraph	366	180	       bin	
0.04020	0.00028	0.03980	0.04242	   Digraph	366	180	       vec	
0.00864	0.00101	0.00817	0.01774	   Digraph	367	180	      fibo	
0.00581	0.00384	0.00523	0.04400	   Digraph	367	180	       bin	
0.04033	0.00029	0.03990	0.04236	   Digraph	367	180	       vec	
0.00832	0.00028	0.00808	0.01077	   Digraph	368	180	      fibo	
0.00532	0.00008	0.00524	0.00562	   Digraph	368	180	       bin	
0.04053	0.00031	0.04014	0.04276	   Digraph	368	180	       vec	
0.00869	0.00090	0.00808	0.01685	   Digraph	369	180	      fibo	
0.00578	0.00085	0.00526	0.01071	   Digraph	369	180	       bin	
0.04083	0.00023	0.04045	0.04170	   Digraph	369	180	       vec	
0.00871	0.00031	0.00817	0.01120	   Digraph	370	180	      fibo	
0.00602	0.00604	0.00524	0.06606	   Digraph	370	180	       bin	
0.04080	0.00031	0.04046	0.04327	   Digraph	370	180	       vec	
0.00867	0.00070	0.00821	0.01282	   Digraph	371	180	      fibo	
0.00565	0.00027	0.00536	0.00816	   Digraph	371	180	       bin	
0.04168	0.00590	0.04069	0.10032	   Digraph	371	180	       vec	
0.00865	0.00063	0.00821	0.01276	   Digraph	372	180	      fibo	
0.00568	0.00026	0.00540	0.00808	   Digraph	372	180	       bin	
0.04156	0.00029	0.04113	0.04367	   Digraph	372	180	       vec	
0.00874	0.00051	0.00833	0.01175	   Digraph	373	180	      fibo	
0.00572	0.00025	0.00547	0.00803	   Digraph	373	180	       bin	
0.04183	0.00030	0.04136	0.04397	   Digraph	373	180	       vec	
0.00905	0.00362	0.00833	0.04470	   Digraph	374	180	      fibo	
0.00563	0.00030	0.00536	0.00815	   Digraph	374	180	       bin	
0.04200	0.00033	0.04150	0.04430	   Digraph	374	180	       vec	
0.00867	0.00030	0.00840	0.01099	   Digraph	375	180	      fibo	
0.00553	0.00007	0.00546	0.00597	   Digraph	375	180	       bin	
0.04212	0.00026	0.04176	0.04428	   Digraph	375	180	       vec	
0.00894	0.00125	0.00829	0.02084	   Digraph	376	180	      fibo	
0.00638	0.00950	0.00535	0.10089	   Digraph	376	180	       bin	
0.04206	0.00014	0.04184	0.04257	   Digraph	376	180	       vec	
0.00883	0.00035	0.00839	0.01120	   Digraph	377	180	      fibo	
0.00588	0.00061	0.00546	0.00841	   Digraph	377	180	       bin	
0.04321	0.00867	0.04202	0.12945	   Digraph	377	180	       vec	
0.00883	0.00148	0.00834	0.02290	   Digraph	378	180	      fibo	
0.00573	0.00026	0.00551	0.00810	   Digraph	378	180	       bin	
0.04277	0.00021	0.04236	0.04386	   Digraph	378	180	       vec	
0.00888	0.00309	0.00825	0.03946	   Digraph	379	180	      fibo	
0.00581	0.00038	0.00547	0.00823	   Digraph	379	180	       bin	
0.04302	0.00030	0.04263	0.04508	   Digraph	379	180	       vec	
0.00879	0.00054	0.00832	0.01189	   Digraph	380	180	      fibo	
0.00580	0.00025	0.00551	0.00809	   Digraph	380	180	       bin	
0.04333	0.00036	0.04281	0.04606	   Digraph	380	180	       vec	
0.00859	0.00037	0.00835	0.01204	   Digraph	381	180	      fibo	
0.00554	0.00013	0.00543	0.00626	   Digraph	381	180	       bin	
0.04340	0.00030	0.04299	0.04558	   Digraph	381	180	       vec	
0.00901	0.00072	0.00838	0.01529	   Digraph	382	180	      fibo	
0.00652	0.01007	0.00543	0.10674	   Digraph	382	180	       bin	
0.04338	0.00015	0.04307	0.04397	   Digraph	382	180	       vec	
0.00899	0.00030	0.00850	0.01085	   Digraph	383	180	      fibo	
0.00570	0.00017	0.00545	0.00600	   Digraph	383	180	       bin	
0.04475	0.01042	0.04337	0.14843	   Digraph	383	180	       vec	
0.00874	0.00033	0.00844	0.01100	   Digraph	384	180	      fibo	
0.00593	0.00051	0.00560	0.01018	   Digraph	384	180	       bin	
0.04415	0.00030	0.04370	0.04623	   Digraph	384	180	       vec	
0.00906	0.00508	0.00841	0.05954	   Digraph	385	180	      fibo	
0.00584	0.00024	0.00552	0.00790	   Digraph	385	180	       bin	
0.04446	0.00100	0.04399	0.05405	   Digraph	385	180	       vec	
0.00941	0.00621	0.00846	0.07111	   Digraph	386	180	      fibo	
0.00565	0.00029	0.00547	0.00812	   Digraph	386	180	       bin	
0.04460	0.00022	0.04417	0.04532	   Digraph	386	180	       vec	
0.00899	0.00063	0.00850	0.01247	   Digraph	387	180	      fibo	
0.00590	0.00029	0.00556	0.00837	   Digraph	387	180	       bin	
0.04490	0.00037	0.04442	0.04780	   Digraph	387	180	       vec	
0.00934	0.00199	0.00865	0.02031	   Digraph	388	180	      fibo	
0.00589	0.00011	0.00573	0.00619	   Digraph	388	180	       bin	
0.04492	0.00020	0.04464	0.04557	   Digraph	388	180	       vec	
0.00928	0.00020	0.00873	0.01001	   Digraph	389	180	      fibo	
0.00706	0.01347	0.00558	0.14109	   Digraph	389	180	       bin	
0.04504	0.00017	0.04475	0.04574	   Digraph	389	180	       vec	
0.00883	0.00033	0.00857	0.01144	   Digraph	390	180	      fibo	
0.00586	0.00016	0.00554	0.00611	   Digraph	390	180	       bin	
0.04699	0.01321	0.04508	0.17827	   Digraph	390	180	       vec	
0.00878	0.00031	0.00858	0.01140	   Digraph	391	180	      fibo	
0.00602	0.00041	0.00572	0.00977	   Digraph	391	180	       bin	
0.04569	0.00087	0.04524	0.05357	   Digraph	391	180	       vec	
0.00954	0.00621	0.00863	0.07126	   Digraph	392	180	      fibo	
0.00578	0.00031	0.00556	0.00843	   Digraph	392	180	       bin	
0.04593	0.00024	0.04541	0.04709	   Digraph	392	180	       vec	
0.00913	0.00039	0.00863	0.01220	   Digraph	393	180	      fibo	
0.00597	0.00029	0.00560	0.00830	   Digraph	393	180	       bin	
0.04626	0.00039	0.04587	0.04903	   Digraph	393	180	       vec	
0.00915	0.00057	0.00864	0.01163	   Digraph	394	180	      fibo	
0.00602	0.00032	0.00576	0.00839	   Digraph	394	180	       bin	
0.04659	0.00033	0.04606	0.04875	   Digraph	394	180	       vec	
0.00910	0.00040	0.00866	0.01160	   Digraph	395	180	      fibo	
0.00627	0.00453	0.00561	0.05127	   Digraph	395	180	       bin	
0.04662	0.00032	0.04609	0.04879	   Digraph	395	180	       vec	
0.00906	0.00098	0.00872	0.01835	   Digraph	396	180	      fibo	
0.00577	0.00012	0.00562	0.00637	   Digraph	396	180	       bin	
0.04672	0.00033	0.04629	0.04907	   Digraph	396	180	       vec	
0.00944	0.00044	0.00879	0.01174	   Digraph	397	180	      fibo	
0.00675	0.01026	0.00564	0.10884	   Digraph	397	180	       bin	
0.04681	0.00015	0.04651	0.04751	   Digraph	397	180	       vec	
0.00923	0.00033	0.00870	0.01146	   Digraph	398	180	      fibo	
0.00698	0.01130	0.00565	0.11942	   Digraph	398	180	       bin	
0.04703	0.00017	0.04679	0.04805	   Digraph	398	180	       vec	
0.00912	0.00033	0.00877	0.01109	   Digraph	399	180	      fibo	
0.00608	0.00048	0.00566	0.01012	   Digraph	399	180	       bin	
0.04840	0.00935	0.04700	0.14138	   Digraph	399	180	       vec	
0.00903	0.00034	0.00873	0.01158	   Digraph	400	180	      fibo	
0.00607	0.00067	0.00570	0.01196	   Digraph	400	180	       bin	
0.04780	0.00030	0.04738	0.04990	   Digraph	400	180	       vec	
0.00945	0.00375	0.00878	0.04652	   Digraph	401	180	      fibo	
0.00603	0.00026	0.00569	0.00821	   Digraph	401	180	       bin	
0.04811	0.00075	0.04750	0.05471	   Digraph	401	180	       vec	
0.00931	0.00052	0.00885	0.01323	   Digraph	402	180	      fibo	
0.00616	0.00040	0.00583	0.00852	   Digraph	402	180	       bin	
0.04835	0.00023	0.04775	0.04913	   Digraph	402	180	       vec	
0.00912	0.00030	0.00889	0.01180	   Digraph	403	180	      fibo	
0.00586	0.00013	0.00574	0.00664	   Digraph	403	180	       bin	
0.04837	0.00042	0.04787	0.05053	   Digraph	403	180	       vec	
0.01067	0.00959	0.00894	0.10597	   Digraph	404	180	      fibo	
0.00580	0.00006	0.00573	0.00610	   Digraph	404	180	       bin	
0.04840	0.00019	0.04805	0.04929	   Digraph	404	180	       vec	
0.00944	0.00035	0.00889	0.01153	   Digraph	405	180	      fibo	
0.00699	0.01108	0.00572	0.11723	   Digraph	405	180	       bin	
0.04863	0.00019	0.04834	0.04952	   Digraph	405	180	       vec	
0.00937	0.00039	0.00893	0.01141	   Digraph	406	180	      fibo	
0.00625	0.00054	0.00579	0.00999	   Digraph	406	180	       bin	
0.04983	0.00907	0.04850	0.14008	   Digraph	406	180	       vec	
0.00932	0.00149	0.00890	0.02363	   Digraph	407	180	      fibo	
0.00612	0.00033	0.00586	0.00923	   Digraph	407	180	       bin	
0.04944	0.00026	0.04898	0.05031	   Digraph	407	180	       vec	
0.00948	0.00048	0.00896	0.01246	   Digraph	408	180	      fibo	
0.00626	0.00030	0.00588	0.00870	   Digraph	408	180	       bin	
0.04970	0.00037	0.04920	0.05179	   Digraph	408	180	       vec	
0.00945	0.00060	0.00900	0.01352	   Digraph	409	180	      fibo	
0.00621	0.00028	0.00595	0.00876	   Digraph	409	180	       bin	
0.04990	0.00031	0.04937	0.05196	   Digraph	409	180	       vec	
0.00926	0.00031	0.00899	0.01172	   Digraph	410	180	      fibo	
0.00592	0.00016	0.00577	0.00679	   Digraph	410	180	       bin	
0.04996	0.00039	0.04952	0.05217	   Digraph	410	180	       vec	
0.00975	0.00062	0.00901	0.01437	   Digraph	411	180	      fibo	
0.00603	0.00021	0.00581	0.00646	   Digraph	411	180	       bin	
0.05061	0.00081	0.04982	0.05354	   Digraph	411	180	       vec	
0.00956	0.00047	0.00903	0.01244	   Digraph	412	180	      fibo	
0.00700	0.01053	0.00583	0.11176	   Digraph	412	180	       bin	
0.05019	0.00015	0.04983	0.05059	   Digraph	412	180	       vec	
0.00975	0.00106	0.00930	0.02017	   Digraph	413	180	      fibo	
0.00696	0.00912	0.00582	0.09761	   Digraph	413	180	       bin	
0.05044	0.00021	0.05013	0.05162	   Digraph	413	180	       vec	
0.00943	0.00036	0.00905	0.01166	   Digraph	414	180	      fibo	
0.00626	0.00036	0.00600	0.00886	   Digraph	414	180	       bin	
0.05177	0.00790	0.05036	0.13030	   Digraph	414	180	       vec	
0.00960	0.00082	0.00914	0.01629	   Digraph	415	180	      fibo	
0.00635	0.00031	0.00602	0.00862	   Digraph	415	180	       bin	
0.05127	0.00030	0.05083	0.05345	   Digraph	415	180	       vec	
0.00971	0.00289	0.00908	0.03808	   Digraph	416	180	      fibo	
0.00634	0.00040	0.00600	0.00872	   Digraph	416	180	       bin	
0.05159	0.00024	0.05107	0.05235	   Digraph	416	180	       vec	
0.00939	0.00030	0.00915	0.01183	   Digraph	417	180	      fibo	
0.00603	0.00014	0.00589	0.00667	   Digraph	417	180	       bin	
0.05158	0.00036	0.05115	0.05401	   Digraph	417	180	       vec	
0.00989	0.00062	0.00918	0.01464	   Digraph	418	180	      fibo	
0.00613	0.00021	0.00590	0.00662	   Digraph	418	180	       bin	
0.05221	0.00071	0.05146	0.05523	   Digraph	418	180	       vec	
0.00971	0.00052	0.00914	0.01309	   Digraph	419	180	      fibo	
0.00645	0.00072	0.00591	0.00989	   Digraph	419	180	       bin	
0.05218	0.00030	0.05166	0.05346	   Digraph	419	180	       vec	
0.01030	0.00743	0.00917	0.08403	   Digraph	420	180	      fibo	
0.00604	0.00028	0.00594	0.00864	   Digraph	420	180	       bin	
0.05240	0.00022	0.05185	0.05303	   Digraph	420	180	       vec	
0.00979	0.00050	0.00929	0.01336	   Digraph	421	180	      fibo	
0.00637	0.00027	0.00607	0.00873	   Digraph	421	180	       bin	
0.05285	0.00030	0.05231	0.05407	   Digraph	421	180	       vec	
0.01006	0.00535	0.00923	0.06301	   Digraph	422	180	      fibo	
0.00622	0.00030	0.00596	0.00859	   Digraph	422	180	       bin	
0.05305	0.00044	0.05254	0.05579	   Digraph	422	180	       vec	
0.00988	0.00192	0.00931	0.02207	   Digraph	423	180	      fibo	
0.00619	0.00017	0.00600	0.00708	   Digraph	423	180	       bin	
0.05302	0.00040	0.05252	0.05620	   Digraph	423	180	       vec	
0.00995	0.00045	0.00934	0.01257	   Digraph	424	180	      fibo	
0.00616	0.00021	0.00596	0.00679	   Digraph	424	180	       bin	
0.05349	0.00028	0.05291	0.05437	   Digraph	424	180	       vec	
0.01000	0.00072	0.00926	0.01590	   Digraph	425	180	      fibo	
0.00634	0.00020	0.00600	0.00670	   Digraph	425	180	       bin	
0.05401	0.00075	0.05321	0.05697	   Digraph	425	180	       vec	
0.00992	0.00077	0.00932	0.01306	   Digraph	426	180	      fibo	
0.00656	0.00070	0.00618	0.01067	   Digraph	426	180	       bin	
0.05399	0.00031	0.05348	0.05537	   Digraph	426	180	       vec	
0.01005	0.00429	0.00933	0.05255	   Digraph	427	180	      fibo	
0.00650	0.00028	0.00619	0.00851	   Digraph	427	180	       bin	
0.05437	0.00099	0.05379	0.06329	   Digraph	427	180	       vec	
0.00990	0.00058	0.00936	0.01401	   Digraph	428	180	      fibo	
0.00652	0.00027	0.00622	0.00864	   Digraph	428	180	       bin	
0.05520	0.00338	0.05401	0.08643	   Digraph	428	180	       vec	
0.00987	0.00048	0.00940	0.01232	   Digraph	429	180	      fibo	
0.00655	0.00030	0.00618	0.00890	   Digraph	429	180	       bin	
0.05478	0.00037	0.05417	0.05705	   Digraph	429	180	       vec	
0.00995	0.00046	0.00958	0.01285	   Digraph	430	180	      fibo	
0.00659	0.00029	0.00625	0.00873	   Digraph	430	180	       bin	
0.05500	0.00023	0.05455	0.05579	   Digraph	430	180	       vec	
0.01005	0.00419	0.00942	0.05156	   Digraph	431	180	      fibo	
0.00653	0.00036	0.00622	0.00912	   Digraph	431	180	       bin	
0.05529	0.00035	0.05477	0.05758	   Digraph	431	180	       vec	
0.01035	0.00478	0.00943	0.05613	   Digraph	432	180	      fibo	
0.00636	0.00030	0.00608	0.00871	   Digraph	432	180	       bin	
0.05559	0.00037	0.05500	0.05743	   Digraph	432	180	       vec	
0.00971	0.00034	0.00942	0.01209	   Digraph	433	180	      fibo	
0.00654	0.00025	0.00622	0.00854	   Digraph	433	180	       bin	
0.05578	0.00036	0.05525	0.05788	   Digraph	433	180	       vec	
0.00998	0.00049	0.00952	0.01300	   Digraph	434	180	      fibo	
0.00657	0.00025	0.00621	0.00878	   Digraph	434	180	       bin	
0.05608	0.00036	0.05541	0.05823	   Digraph	434	180	       vec	
0.01008	0.00128	0.00966	0.02220	   Digraph	435	180	      fibo	
0.00674	0.00035	0.00642	0.00894	   Digraph	435	180	       bin	
0.05653	0.00064	0.05573	0.06063	   Digraph	435	180	       vec	
0.01042	0.00416	0.00954	0.05143	   Digraph	436	180	      fibo	
0.00666	0.00066	0.00628	0.01211	   Digraph	436	180	       bin	
0.05657	0.00035	0.05588	0.05830	   Digraph	436	180	       vec	
0.00985	0.00033	0.00950	0.01229	   Digraph	437	180	      fibo	
0.00650	0.00032	0.00618	0.00896	   Digraph	437	180	       bin	
0.05823	0.01380	0.05645	0.19552	   Digraph	437	180	       vec	
0.01017	0.00092	0.00962	0.01573	   Digraph	438	180	      fibo	
0.00666	0.00038	0.00635	0.00908	   Digraph	438	180	       bin	
0.05719	0.00040	0.05651	0.05993	   Digraph	438	180	       vec	
0.01010	0.00052	0.00963	0.01283	   Digraph	439	180	      fibo	
0.00687	0.00472	0.00619	0.05378	   Digraph	439	180	       bin	
0.05741	0.00042	0.05686	0.06065	   Digraph	439	180	       vec	
0.00994	0.00031	0.00966	0.01248	   Digraph	440	180	      fibo	
0.00635	0.00023	0.00624	0.00848	   Digraph	440	180	       bin	
0.05752	0.00037	0.05699	0.05967	   Digraph	440	180	       vec	
0.01118	0.00831	0.00963	0.09300	   Digraph	441	180	      fibo	
0.00627	0.00006	0.00617	0.00651	   Digraph	441	180	       bin	
0.05769	0.00031	0.05719	0.05913	   Digraph	441	180	       vec	
0.01103	0.00811	0.00963	0.09080	   Digraph	442	180	      fibo	
0.00630	0.00006	0.00622	0.00660	   Digraph	442	180	       bin	
0.05802	0.00035	0.05748	0.06011	   Digraph	442	180	       vec	
0.01018	0.00087	0.00968	0.01604	   Digraph	443	180	      fibo	
0.00716	0.00812	0.00622	0.08797	   Digraph	443	180	       bin	
0.05818	0.00038	0.05762	0.06024	   Digraph	443	180	       vec	
0.01024	0.00068	0.00969	0.01421	   Digraph	444	180	      fibo	
0.00718	0.00639	0.00624	0.07073	   Digraph	444	180	       bin	
0.05846	0.00038	0.05794	0.06079	   Digraph	444	180	       vec	
0.01009	0.00064	0.00975	0.01342	   Digraph	445	180	      fibo	
0.00678	0.00063	0.00629	0.00948	   Digraph	445	180	       bin	
0.05885	0.00028	0.05848	0.06009	   Digraph	445	180	       vec	
0.01066	0.00512	0.00978	0.06142	   Digraph	446	180	      fibo	
0.00666	0.00028	0.00631	0.00890	   Digraph	446	180	       bin	
0.05935	0.00098	0.05881	0.06828	   Digraph	446	180	       vec	
0.01038	0.00171	0.00986	0.02269	   Digraph	447	180	      fibo	
0.00670	0.00011	0.00647	0.00692	   Digraph	447	180	       bin	
0.05949	0.00041	0.05898	0.06192	   Digraph	447	180	       vec	
0.01049	0.00048	0.01006	0.01324	   Digraph	448	180	      fibo	
0.00683	0.00042	0.00640	0.00971	   Digraph	448	180	       bin	
0.06074	0.01140	0.05905	0.17414	   Digraph	448	180	       vec	
0.01016	0.00037	0.00980	0.01256	   Digraph	449	180	      fibo	
0.00674	0.00072	0.00633	0.01302	   Digraph	449	180	       bin	
0.05993	0.00037	0.05932	0.06206	   Digraph	449	180	       vec	
0.01020	0.00091	0.00983	0.01590	   Digraph	450	180	      fibo	
0.00676	0.00027	0.00649	0.00910	   Digraph	450	180	       bin	
0.06021	0.00026	0.05964	0.06096	   Digraph	450	180	       vec	
0.01036	0.00047	0.00990	0.01257	   Digraph	451	180	      fibo	
0.00685	0.00029	0.00651	0.00904	   Digraph	451	180	       bin	
0.06079	0.00637	0.05967	0.12407	   Digraph	451	180	       vec	
0.01040	0.00056	0.00992	0.01304	   Digraph	452	180	      fibo	
0.00681	0.00027	0.00653	0.00930	   Digraph	452	180	       bin	
0.06082	0.00036	0.06029	0.06297	   Digraph	452	180	       vec	
0.01023	0.00030	0.00995	0.01257	   Digraph	453	180	      fibo	
0.00649	0.00028	0.00639	0.00917	   Digraph	453	180	       bin	
0.06083	0.00039	0.06032	0.06366	   Digraph	453	180	       vec	
0.01074	0.00104	0.00988	0.01917	   Digraph	454	180	      fibo	
0.00701	0.00107	0.00647	0.01236	   Digraph	454	180	       bin	
0.06144	0.00039	0.06082	0.06285	   Digraph	454	180	       vec	
0.01067	0.00026	0.01038	0.01262	   Digraph	455	180	      fibo	
0.00664	0.00033	0.00644	0.00922	   Digraph	455	180	       bin	
0.06158	0.00029	0.06095	0.06230	   Digraph	455	180	       vec	
0.01031	0.00035	0.00997	0.01261	   Digraph	456	180	      fibo	
0.00675	0.00029	0.00642	0.00896	   Digraph	456	180	       bin	
0.06193	0.00058	0.06119	0.06468	   Digraph	456	180	       vec	
0.01069	0.00109	0.01003	0.01658	   Digraph	457	180	      fibo	
0.00692	0.00030	0.00661	0.00950	   Digraph	457	180	       bin	
0.06210	0.00032	0.06167	0.06319	   Digraph	457	180	       vec	
0.01059	0.00052	0.01004	0.01370	   Digraph	458	180	      fibo	
0.00691	0.00028	0.00662	0.00919	   Digraph	458	180	       bin	
0.06249	0.00038	0.06188	0.06445	   Digraph	458	180	       vec	
0.01043	0.00134	0.01007	0.02342	   Digraph	459	180	      fibo	
0.00670	0.00016	0.00648	0.00745	   Digraph	459	180	       bin	
0.06218	0.00023	0.06186	0.06312	   Digraph	459	180	       vec	
0.01082	0.00021	0.01042	0.01154	   Digraph	460	180	      fibo	
0.00673	0.00037	0.00646	0.00961	   Digraph	460	180	       bin	
0.06314	0.00044	0.06238	0.06468	   Digraph	460	180	       vec	
0.01104	0.00058	0.01018	0.01571	   Digraph	461	180	      fibo	
0.00698	0.00018	0.00669	0.00785	   Digraph	461	180	       bin	
0.06296	0.00050	0.06237	0.06565	   Digraph	461	180	       vec	
0.01059	0.00054	0.01010	0.01432	   Digraph	462	180	      fibo	
0.00707	0.00085	0.00653	0.01238	   Digraph	462	180	       bin	
0.06345	0.00043	0.06272	0.06559	   Digraph	462	180	       vec	
0.01063	0.00060	0.01017	0.01402	   Digraph	463	180	      fibo	
0.00695	0.00030	0.00669	0.00963	   Digraph	463	180	       bin	
0.06369	0.00037	0.06310	0.06630	   Digraph	463	180	       vec	
0.01070	0.00060	0.01019	0.01568	   Digraph	464	180	      fibo	
0.00664	0.00008	0.00655	0.00700	   Digraph	464	180	       bin	
0.06373	0.00040	0.06323	0.06606	   Digraph	464	180	       vec	
0.01134	0.00271	0.01021	0.03770	   Digraph	465	180	      fibo	
0.00679	0.00021	0.00654	0.00727	   Digraph	465	180	       bin	
0.06440	0.00067	0.06361	0.06760	   Digraph	465	180	       vec	
0.01123	0.00125	0.01043	0.02352	   Digraph	466	180	      fibo	
0.00691	0.00034	0.00656	0.00944	   Digraph	466	180	       bin	
0.06428	0.00048	0.06370	0.06612	   Digraph	466	180	       vec	
0.01100	0.00041	0.01027	0.01433	   Digraph	467	180	      fibo	
0.00689	0.00020	0.00657	0.00723	   Digraph	467	180	       bin	
0.06468	0.00052	0.06396	0.06734	   Digraph	467	180	       vec	
0.01085	0.00045	0.01028	0.01334	   Digraph	468	180	      fibo	
0.00689	0.00022	0.00657	0.00732	   Digraph	468	180	       bin	
0.06515	0.00050	0.06448	0.06735	   Digraph	468	180	       vec	
0.01191	0.00979	0.01034	0.10918	   Digraph	469	180	      fibo	
0.00672	0.00007	0.00662	0.00698	   Digraph	469	180	       bin	
0.06512	0.00041	0.06473	0.06852	   Digraph	469	180	       vec	
0.01097	0.00117	0.01036	0.02141	   Digraph	470	180	      fibo	
0.00721	0.00083	0.00663	0.01183	   Digraph	470	180	       bin	
0.06567	0.00034	0.06506	0.06683	   Digraph	470	180	       vec	
0.01102	0.00050	0.01045	0.01414	   Digraph	471	180	      fibo	
0.00697	0.00031	0.00663	0.00941	   Digraph	471	180	       bin	
0.06601	0.00032	0.06539	0.06714	   Digraph	471	180	       vec	
0.01099	0.00110	0.01038	0.01817	   Digraph	472	180	      fibo	
0.00710	0.00030	0.00681	0.00978	   Digraph	472	180	       bin	
0.06631	0.00033	0.06571	0.06768	   Digraph	472	180	       vec	
0.01091	0.00053	0.01046	0.01440	   Digraph	473	180	      fibo	
0.00721	0.00033	0.00686	0.00983	   Digraph	473	180	       bin	
0.06659	0.00043	0.06597	0.06896	   Digraph	473	180	       vec	
0.01082	0.00050	0.01041	0.01384	   Digraph	474	180	      fibo	
0.00714	0.00030	0.00685	0.00977	   Digraph	474	180	       bin	
0.06685	0.00037	0.06606	0.06931	   Digraph	474	180	       vec	
0.01093	0.00052	0.01042	0.01452	   Digraph	475	180	      fibo	
0.00720	0.00038	0.00680	0.00969	   Digraph	475	180	       bin	
0.06726	0.00038	0.06649	0.06916	   Digraph	475	180	       vec	
0.01092	0.00033	0.01056	0.01329	   Digraph	476	180	      fibo	
0.00706	0.00036	0.00673	0.00964	   Digraph	476	180	       bin	
0.06740	0.00033	0.06681	0.06871	   Digraph	476	180	       vec	
0.01095	0.00062	0.01044	0.01372	   Digraph	477	180	      fibo	
0.00718	0.00017	0.00686	0.00767	   Digraph	477	180	       bin	
0.06771	0.00051	0.06701	0.07175	   Digraph	477	180	       vec	
0.01096	0.00040	0.01049	0.01356	   Digraph	478	180	      fibo	
0.00721	0.00026	0.00692	0.00950	   Digraph	478	180	       bin	
0.06809	0.00038	0.06753	0.07005	   Digraph	478	180	       vec	
0.01085	0.00033	0.01059	0.01348	   Digraph	479	180	      fibo	
0.00699	0.00016	0.00678	0.00779	   Digraph	479	180	       bin	
0.06789	0.00039	0.06741	0.07018	   Digraph	479	180	       vec	
0.01166	0.00058	0.01052	0.01544	   Digraph	480	180	      fibo	
0.00690	0.00018	0.00675	0.00751	   Digraph	480	180	       bin	
0.06867	0.00051	0.06796	0.07018	   Digraph	480	180	       vec	
0.01153	0.00074	0.01053	0.01633	   Digraph	481	180	      fibo	
0.00718	0.00020	0.00680	0.00756	   Digraph	481	180	       bin	
0.06894	0.00079	0.06813	0.07348	   Digraph	481	180	       vec	
0.01108	0.00056	0.01059	0.01512	   Digraph	482	180	      fibo	
0.00747	0.00096	0.00679	0.01232	   Digraph	482	180	       bin	
0.06925	0.00056	0.06842	0.07238	   Digraph	482	180	       vec	
0.01114	0.00065	0.01062	0.01433	   Digraph	483	180	      fibo	
0.00724	0.00014	0.00698	0.00747	   Digraph	483	180	       bin	
0.06954	0.00043	0.06897	0.07136	   Digraph	483	180	       vec	
0.01125	0.00054	0.01075	0.01463	   Digraph	484	180	      fibo	
0.00745	0.00015	0.00717	0.00792	   Digraph	484	180	       bin	
0.06996	0.00042	0.06927	0.07217	   Digraph	484	180	       vec	
0.01120	0.00063	0.01063	0.01575	   Digraph	485	180	      fibo	
0.00732	0.00029	0.00700	0.00979	   Digraph	485	180	       bin	
0.07012	0.00043	0.06950	0.07263	   Digraph	485	180	       vec	
0.01119	0.00142	0.01066	0.02463	   Digraph	486	180	      fibo	
0.00737	0.00040	0.00703	0.00977	   Digraph	486	180	       bin	
0.07039	0.00045	0.06970	0.07313	   Digraph	486	180	       vec	
0.01102	0.00031	0.01067	0.01331	   Digraph	487	180	      fibo	
0.00710	0.00035	0.00686	0.00987	   Digraph	487	180	       bin	
0.07022	0.00039	0.06983	0.07254	   Digraph	487	180	       vec	
0.01188	0.00062	0.01069	0.01469	   Digraph	488	180	      fibo	
0.00698	0.00017	0.00684	0.00752	   Digraph	488	180	       bin	
0.07080	0.00039	0.07025	0.07193	   Digraph	488	180	       vec	
0.01148	0.00048	0.01077	0.01432	   Digraph	489	180	      fibo	
0.00731	0.00023	0.00689	0.00781	   Digraph	489	180	       bin	
0.07101	0.00043	0.07036	0.07253	   Digraph	489	180	       vec	
0.01141	0.00042	0.01074	0.01345	   Digraph	490	180	      fibo	
0.00724	0.00027	0.00687	0.00783	   Digraph	490	180	       bin	
0.07147	0.00045	0.07081	0.07313	   Digraph	490	180	       vec	
0.01162	0.00058	0.01071	0.01351	   Digraph	491	180	      fibo	
0.00730	0.00035	0.00691	0.00875	   Digraph	491	180	       bin	
0.07183	0.00050	0.07119	0.07393	   Digraph	491	180	       vec	
0.01229	0.00999	0.01077	0.11165	   Digraph	492	180	      fibo	
0.00699	0.00007	0.00688	0.00717	   Digraph	492	180	       bin	
0.07183	0.00040	0.07117	0.07389	   Digraph	492	180	       vec	
0.01151	0.00133	0.01094	0.02403	   Digraph	493	180	      fibo	
0.00744	0.00062	0.00694	0.01276	   Digraph	493	180	       bin	
0.07221	0.00029	0.07173	0.07323	   Digraph	493	180	       vec	
0.01135	0.00042	0.01085	0.01366	   Digraph	494	180	      fibo	
0.00737	0.00027	0.00697	0.00953	   Digraph	494	180	       bin	
0.07256	0.00036	0.07200	0.07385	   Digraph	494	180	       vec	
0.01142	0.00046	0.01085	0.01459	   Digraph	495	180	      fibo	
0.00728	0.00034	0.00694	0.00995	   Digraph	495	180	       bin	
0.07282	0.00035	0.07224	0.07421	   Digraph	495	180	       vec	
0.01142	0.00042	0.01085	0.01339	   Digraph	496	180	      fibo	
0.00736	0.00031	0.00699	0.00980	   Digraph	496	180	       bin	
0.07323	0.00042	0.07241	0.07452	   Digraph	496	180	       vec	
0.01191	0.00653	0.01084	0.07669	   Digraph	497	180	      fibo	
0.00728	0.00033	0.00698	0.00987	   Digraph	497	180	       bin	
0.07354	0.00107	0.07291	0.08326	   Digraph	497	180	       vec	
0.01140	0.00060	0.01086	0.01475	   Digraph	498	180	      fibo	
0.00755	0.00052	0.00715	0.01088	   Digraph	498	180	       bin	
0.07396	0.00038	0.07330	0.07510	   Digraph	498	180	       vec	
0.01134	0.00038	0.01100	0.01371	   Digraph	499	180	      fibo	
0.00713	0.00010	0.00701	0.00761	   Digraph	499	180	       bin	
0.07390	0.00049	0.07326	0.07611	   Digraph	499	180	       vec	
0.01190	0.00091	0.01099	0.01889	   Digraph	500	180	      fibo	
0.00726	0.00022	0.00702	0.00778	   Digraph	500	180	       bin	
0.07496	0.00112	0.07399	0.07918	   Digraph	500	180	       vec	
