AVG	STDV	MIN	MAX	GRAPH	V	E	DT
0.00116	0.00016	0.00104	0.00224	   Digraph	050	020	      fibo	
0.00080	0.00010	0.00072	0.00127	   Digraph	050	020	       bin	
0.00105	0.00008	0.00100	0.00153	   Digraph	050	020	       vec	
0.00113	0.00014	0.00102	0.00167	   Digraph	050	021	      fibo	
0.00082	0.00017	0.00070	0.00190	   Digraph	050	021	       bin	
0.00107	0.00015	0.00099	0.00210	   Digraph	050	021	       vec	
0.00117	0.00025	0.00101	0.00295	   Digraph	050	022	      fibo	
0.00078	0.00009	0.00070	0.00133	   Digraph	050	022	       bin	
0.00105	0.00007	0.00100	0.00138	   Digraph	050	022	       vec	
0.00115	0.00022	0.00101	0.00313	   Digraph	050	023	      fibo	
0.00077	0.00006	0.00070	0.00093	   Digraph	050	023	       bin	
0.00105	0.00007	0.00099	0.00140	   Digraph	050	023	       vec	
0.00123	0.00010	0.00112	0.00160	   Digraph	050	024	      fibo	
0.00081	0.00005	0.00076	0.00102	   Digraph	050	024	       bin	
0.00105	0.00004	0.00101	0.00111	   Digraph	050	024	       vec	
0.00111	0.00004	0.00103	0.00121	   Digraph	050	025	      fibo	
0.00078	0.00004	0.00072	0.00094	   Digraph	050	025	       bin	
0.00105	0.00004	0.00100	0.00110	   Digraph	050	025	       vec	
0.00115	0.00004	0.00107	0.00128	   Digraph	050	026	      fibo	
0.00078	0.00004	0.00072	0.00097	   Digraph	050	026	       bin	
0.00105	0.00004	0.00100	0.00112	   Digraph	050	026	       vec	
0.00113	0.00004	0.00104	0.00124	   Digraph	050	027	      fibo	
0.00078	0.00004	0.00072	0.00084	   Digraph	050	027	       bin	
0.00109	0.00023	0.00100	0.00313	   Digraph	050	027	       vec	
0.00110	0.00004	0.00101	0.00131	   Digraph	050	028	      fibo	
0.00076	0.00004	0.00071	0.00083	   Digraph	050	028	       bin	
0.00105	0.00004	0.00100	0.00112	   Digraph	050	028	       vec	
0.00112	0.00004	0.00103	0.00125	   Digraph	050	029	      fibo	
0.00078	0.00004	0.00073	0.00083	   Digraph	050	029	       bin	
0.00105	0.00004	0.00101	0.00112	   Digraph	050	029	       vec	
0.00115	0.00004	0.00106	0.00135	   Digraph	050	030	      fibo	
0.00088	0.00003	0.00083	0.00098	   Digraph	050	030	       bin	
0.00107	0.00004	0.00103	0.00113	   Digraph	050	030	       vec	
0.00117	0.00010	0.00108	0.00185	   Digraph	050	031	      fibo	
0.00082	0.00004	0.00077	0.00092	   Digraph	050	031	       bin	
0.00113	0.00044	0.00102	0.00428	   Digraph	050	031	       vec	
0.00118	0.00022	0.00106	0.00327	   Digraph	050	032	      fibo	
0.00085	0.00037	0.00075	0.00388	   Digraph	050	032	       bin	
0.00106	0.00004	0.00102	0.00112	   Digraph	050	032	       vec	
0.00134	0.00103	0.00112	0.01143	   Digraph	050	033	      fibo	
0.00080	0.00003	0.00074	0.00083	   Digraph	050	033	       bin	
0.00105	0.00004	0.00101	0.00115	   Digraph	050	033	       vec	
0.00111	0.00005	0.00102	0.00132	   Digraph	050	034	      fibo	
0.00080	0.00010	0.00072	0.00127	   Digraph	050	034	       bin	
0.00106	0.00005	0.00101	0.00130	   Digraph	050	034	       vec	
0.00114	0.00012	0.00103	0.00171	   Digraph	050	035	      fibo	
0.00080	0.00007	0.00072	0.00121	   Digraph	050	035	       bin	
0.00106	0.00007	0.00101	0.00155	   Digraph	050	035	       vec	
0.00113	0.00012	0.00101	0.00168	   Digraph	050	036	      fibo	
0.00079	0.00006	0.00072	0.00116	   Digraph	050	036	       bin	
0.00109	0.00021	0.00101	0.00314	   Digraph	050	036	       vec	
0.00126	0.00016	0.00114	0.00214	   Digraph	050	037	      fibo	
0.00092	0.00007	0.00085	0.00132	   Digraph	050	037	       bin	
0.00110	0.00006	0.00104	0.00150	   Digraph	050	037	       vec	
0.00115	0.00007	0.00104	0.00156	   Digraph	050	038	      fibo	
0.00080	0.00003	0.00074	0.00083	   Digraph	050	038	       bin	
0.00106	0.00004	0.00102	0.00119	   Digraph	050	038	       vec	
0.00116	0.00004	0.00108	0.00130	   Digraph	050	039	      fibo	
0.00087	0.00003	0.00081	0.00092	   Digraph	050	039	       bin	
0.00108	0.00004	0.00103	0.00119	   Digraph	050	039	       vec	
0.00111	0.00005	0.00103	0.00127	   Digraph	050	040	      fibo	
0.00082	0.00003	0.00076	0.00086	   Digraph	050	040	       bin	
0.00107	0.00004	0.00102	0.00115	   Digraph	050	040	       vec	
0.00114	0.00038	0.00102	0.00486	   Digraph	050	041	      fibo	
0.00078	0.00003	0.00072	0.00082	   Digraph	050	041	       bin	
0.00106	0.00004	0.00102	0.00114	   Digraph	050	041	       vec	
0.00110	0.00004	0.00102	0.00121	   Digraph	050	042	      fibo	
0.00078	0.00003	0.00073	0.00082	   Digraph	050	042	       bin	
0.00106	0.00004	0.00102	0.00113	   Digraph	050	042	       vec	
0.00112	0.00007	0.00104	0.00165	   Digraph	050	043	      fibo	
0.00089	0.00004	0.00083	0.00109	   Digraph	050	043	       bin	
0.00109	0.00004	0.00105	0.00120	   Digraph	050	043	       vec	
0.00111	0.00004	0.00103	0.00137	   Digraph	050	044	      fibo	
0.00094	0.00148	0.00073	0.01565	   Digraph	050	044	       bin	
0.00109	0.00021	0.00102	0.00318	   Digraph	050	044	       vec	
0.00117	0.00008	0.00111	0.00167	   Digraph	050	045	      fibo	
0.00082	0.00004	0.00076	0.00088	   Digraph	050	045	       bin	
0.00107	0.00004	0.00103	0.00113	   Digraph	050	045	       vec	
0.00115	0.00006	0.00106	0.00150	   Digraph	050	046	      fibo	
0.00083	0.00004	0.00077	0.00096	   Digraph	050	046	       bin	
0.00109	0.00007	0.00104	0.00154	   Digraph	050	046	       vec	
0.00113	0.00006	0.00104	0.00146	   Digraph	050	047	      fibo	
0.00085	0.00006	0.00078	0.00124	   Digraph	050	047	       bin	
0.00108	0.00004	0.00103	0.00114	   Digraph	050	047	       vec	
0.00113	0.00012	0.00104	0.00223	   Digraph	050	048	      fibo	
0.00081	0.00008	0.00074	0.00122	   Digraph	050	048	       bin	
0.00107	0.00003	0.00102	0.00112	   Digraph	050	048	       vec	
0.00117	0.00004	0.00109	0.00134	   Digraph	050	049	      fibo	
0.00084	0.00003	0.00078	0.00091	   Digraph	050	049	       bin	
0.00109	0.00004	0.00104	0.00114	   Digraph	050	049	       vec	
0.00119	0.00017	0.00108	0.00274	   Digraph	050	050	      fibo	
0.00097	0.00004	0.00090	0.00122	   Digraph	050	050	       bin	
0.00111	0.00004	0.00106	0.00129	   Digraph	050	050	       vec	
0.00122	0.00059	0.00104	0.00703	   Digraph	050	051	      fibo	
0.00084	0.00021	0.00074	0.00287	   Digraph	050	051	       bin	
0.00110	0.00009	0.00103	0.00166	   Digraph	050	051	       vec	
0.00117	0.00013	0.00105	0.00175	   Digraph	050	052	      fibo	
0.00087	0.00008	0.00080	0.00129	   Digraph	050	052	       bin	
0.00111	0.00006	0.00104	0.00142	   Digraph	050	052	       vec	
0.00113	0.00009	0.00104	0.00182	   Digraph	050	053	      fibo	
0.00080	0.00003	0.00074	0.00084	   Digraph	050	053	       bin	
0.00108	0.00004	0.00103	0.00114	   Digraph	050	053	       vec	
0.00116	0.00004	0.00108	0.00128	   Digraph	050	054	      fibo	
0.00100	0.00017	0.00091	0.00267	   Digraph	050	054	       bin	
0.00115	0.00027	0.00107	0.00380	   Digraph	050	054	       vec	
0.00128	0.00004	0.00120	0.00141	   Digraph	050	055	      fibo	
0.00099	0.00003	0.00092	0.00103	   Digraph	050	055	       bin	
0.00112	0.00004	0.00107	0.00120	   Digraph	050	055	       vec	
0.00127	0.00005	0.00119	0.00151	   Digraph	050	056	      fibo	
0.00106	0.00008	0.00097	0.00148	   Digraph	050	056	       bin	
0.00113	0.00006	0.00107	0.00149	   Digraph	050	056	       vec	
0.00117	0.00015	0.00104	0.00202	   Digraph	050	057	      fibo	
0.00085	0.00022	0.00075	0.00293	   Digraph	050	057	       bin	
0.00109	0.00004	0.00104	0.00121	   Digraph	050	057	       vec	
0.00129	0.00005	0.00119	0.00152	   Digraph	050	058	      fibo	
0.00121	0.00004	0.00114	0.00147	   Digraph	050	058	       bin	
0.00116	0.00004	0.00111	0.00123	   Digraph	050	058	       vec	
0.00112	0.00004	0.00104	0.00130	   Digraph	050	059	      fibo	
0.00081	0.00004	0.00075	0.00094	   Digraph	050	059	       bin	
0.00108	0.00004	0.00103	0.00116	   Digraph	050	059	       vec	
0.00118	0.00024	0.00105	0.00342	   Digraph	050	060	      fibo	
0.00082	0.00005	0.00075	0.00118	   Digraph	050	060	       bin	
0.00108	0.00004	0.00103	0.00113	   Digraph	050	060	       vec	
0.00143	0.00005	0.00135	0.00168	   Digraph	050	061	      fibo	
0.00143	0.00003	0.00137	0.00149	   Digraph	050	061	       bin	
0.00119	0.00003	0.00115	0.00124	   Digraph	050	061	       vec	
0.00152	0.00004	0.00144	0.00162	   Digraph	050	062	      fibo	
0.00145	0.00003	0.00139	0.00150	   Digraph	050	062	       bin	
0.00122	0.00021	0.00116	0.00329	   Digraph	050	062	       vec	
0.00118	0.00004	0.00110	0.00129	   Digraph	050	063	      fibo	
0.00093	0.00003	0.00087	0.00099	   Digraph	050	063	       bin	
0.00112	0.00004	0.00107	0.00119	   Digraph	050	063	       vec	
0.00117	0.00005	0.00109	0.00138	   Digraph	050	064	      fibo	
0.00083	0.00004	0.00077	0.00094	   Digraph	050	064	       bin	
0.00109	0.00003	0.00105	0.00114	   Digraph	050	064	       vec	
0.00122	0.00029	0.00110	0.00405	   Digraph	050	065	      fibo	
0.00083	0.00003	0.00078	0.00089	   Digraph	050	065	       bin	
0.00110	0.00003	0.00105	0.00115	   Digraph	050	065	       vec	
0.00118	0.00004	0.00111	0.00134	   Digraph	050	066	      fibo	
0.00084	0.00003	0.00078	0.00090	   Digraph	050	066	       bin	
0.00109	0.00003	0.00105	0.00116	   Digraph	050	066	       vec	
0.00137	0.00004	0.00128	0.00154	   Digraph	050	067	      fibo	
0.00129	0.00006	0.00122	0.00180	   Digraph	050	067	       bin	
0.00121	0.00021	0.00114	0.00328	   Digraph	050	067	       vec	
0.00124	0.00004	0.00116	0.00138	   Digraph	050	068	      fibo	
0.00094	0.00003	0.00088	0.00097	   Digraph	050	068	       bin	
0.00112	0.00004	0.00108	0.00119	   Digraph	050	068	       vec	
0.00114	0.00004	0.00106	0.00127	   Digraph	050	069	      fibo	
0.00083	0.00003	0.00076	0.00086	   Digraph	050	069	       bin	
0.00118	0.00064	0.00105	0.00713	   Digraph	050	069	       vec	
0.00114	0.00004	0.00106	0.00123	   Digraph	050	070	      fibo	
0.00082	0.00003	0.00076	0.00087	   Digraph	050	070	       bin	
0.00110	0.00004	0.00105	0.00116	   Digraph	050	070	       vec	
0.00120	0.00004	0.00112	0.00137	   Digraph	050	071	      fibo	
0.00086	0.00003	0.00080	0.00090	   Digraph	050	071	       bin	
0.00111	0.00004	0.00106	0.00117	   Digraph	050	071	       vec	
0.00120	0.00020	0.00111	0.00320	   Digraph	050	072	      fibo	
0.00092	0.00003	0.00085	0.00096	   Digraph	050	072	       bin	
0.00112	0.00004	0.00108	0.00119	   Digraph	050	072	       vec	
0.00147	0.00021	0.00135	0.00304	   Digraph	050	073	      fibo	
0.00133	0.00011	0.00122	0.00182	   Digraph	050	073	       bin	
0.00121	0.00007	0.00115	0.00174	   Digraph	050	073	       vec	
0.00119	0.00022	0.00110	0.00329	   Digraph	050	074	      fibo	
0.00084	0.00004	0.00077	0.00098	   Digraph	050	074	       bin	
0.00111	0.00004	0.00105	0.00117	   Digraph	050	074	       vec	
0.00121	0.00016	0.00112	0.00275	   Digraph	050	075	      fibo	
0.00087	0.00007	0.00079	0.00122	   Digraph	050	075	       bin	
0.00113	0.00010	0.00106	0.00160	   Digraph	050	075	       vec	
0.00132	0.00021	0.00121	0.00337	   Digraph	050	076	      fibo	
0.00120	0.00006	0.00111	0.00160	   Digraph	050	076	       bin	
0.00118	0.00008	0.00112	0.00157	   Digraph	050	076	       vec	
0.00155	0.00006	0.00146	0.00177	   Digraph	050	077	      fibo	
0.00155	0.00003	0.00149	0.00160	   Digraph	050	077	       bin	
0.00123	0.00004	0.00119	0.00132	   Digraph	050	077	       vec	
0.00168	0.00008	0.00158	0.00203	   Digraph	050	078	      fibo	
0.00176	0.00021	0.00164	0.00374	   Digraph	050	078	       bin	
0.00125	0.00004	0.00121	0.00133	   Digraph	050	078	       vec	
0.00168	0.00010	0.00158	0.00227	   Digraph	050	079	      fibo	
0.00166	0.00003	0.00159	0.00178	   Digraph	050	079	       bin	
0.00126	0.00004	0.00121	0.00135	   Digraph	050	079	       vec	
0.00170	0.00006	0.00160	0.00202	   Digraph	050	080	      fibo	
0.00162	0.00022	0.00151	0.00370	   Digraph	050	080	       bin	
0.00124	0.00004	0.00119	0.00131	   Digraph	050	080	       vec	
0.00161	0.00005	0.00152	0.00181	   Digraph	050	081	      fibo	
0.00160	0.00003	0.00153	0.00170	   Digraph	050	081	       bin	
0.00124	0.00004	0.00120	0.00131	   Digraph	050	081	       vec	
0.00153	0.00004	0.00146	0.00170	   Digraph	050	082	      fibo	
0.00144	0.00021	0.00135	0.00355	   Digraph	050	082	       bin	
0.00123	0.00005	0.00118	0.00157	   Digraph	050	082	       vec	
0.00168	0.00004	0.00161	0.00186	   Digraph	050	083	      fibo	
0.00170	0.00003	0.00163	0.00186	   Digraph	050	083	       bin	
0.00125	0.00004	0.00121	0.00137	   Digraph	050	083	       vec	
0.00118	0.00005	0.00111	0.00134	   Digraph	050	084	      fibo	
0.00088	0.00003	0.00081	0.00095	   Digraph	050	084	       bin	
0.00114	0.00008	0.00107	0.00155	   Digraph	050	084	       vec	
0.00167	0.00006	0.00158	0.00190	   Digraph	050	085	      fibo	
0.00162	0.00002	0.00155	0.00166	   Digraph	050	085	       bin	
0.00125	0.00004	0.00121	0.00132	   Digraph	050	085	       vec	
0.00118	0.00004	0.00110	0.00132	   Digraph	050	086	      fibo	
0.00091	0.00004	0.00084	0.00115	   Digraph	050	086	       bin	
0.00116	0.00021	0.00108	0.00319	   Digraph	050	086	       vec	
0.00166	0.00006	0.00156	0.00193	   Digraph	050	087	      fibo	
0.00155	0.00007	0.00146	0.00191	   Digraph	050	087	       bin	
0.00126	0.00007	0.00120	0.00160	   Digraph	050	087	       vec	
0.00164	0.00019	0.00153	0.00342	   Digraph	050	088	      fibo	
0.00160	0.00002	0.00153	0.00164	   Digraph	050	088	       bin	
0.00127	0.00021	0.00120	0.00330	   Digraph	050	088	       vec	
0.00168	0.00005	0.00160	0.00185	   Digraph	050	089	      fibo	
0.00166	0.00002	0.00160	0.00171	   Digraph	050	089	       bin	
0.00128	0.00004	0.00123	0.00134	   Digraph	050	089	       vec	
0.00163	0.00006	0.00154	0.00196	   Digraph	050	090	      fibo	
0.00165	0.00003	0.00158	0.00170	   Digraph	050	090	       bin	
0.00128	0.00003	0.00123	0.00140	   Digraph	050	090	       vec	
0.00121	0.00005	0.00112	0.00140	   Digraph	050	091	      fibo	
0.00087	0.00003	0.00080	0.00090	   Digraph	050	091	       bin	
0.00113	0.00004	0.00108	0.00119	   Digraph	050	091	       vec	
0.00117	0.00008	0.00107	0.00172	   Digraph	050	092	      fibo	
0.00088	0.00009	0.00079	0.00131	   Digraph	050	092	       bin	
0.00117	0.00021	0.00108	0.00319	   Digraph	050	092	       vec	
0.00172	0.00007	0.00164	0.00210	   Digraph	050	093	      fibo	
0.00179	0.00002	0.00172	0.00184	   Digraph	050	093	       bin	
0.00129	0.00004	0.00124	0.00136	   Digraph	050	093	       vec	
0.00117	0.00007	0.00108	0.00160	   Digraph	050	094	      fibo	
0.00085	0.00003	0.00078	0.00088	   Digraph	050	094	       bin	
0.00113	0.00004	0.00107	0.00122	   Digraph	050	094	       vec	
0.00118	0.00005	0.00111	0.00142	   Digraph	050	095	      fibo	
0.00086	0.00002	0.00080	0.00089	   Digraph	050	095	       bin	
0.00114	0.00006	0.00108	0.00153	   Digraph	050	095	       vec	
0.00120	0.00010	0.00113	0.00200	   Digraph	050	096	      fibo	
0.00087	0.00003	0.00081	0.00091	   Digraph	050	096	       bin	
0.00114	0.00003	0.00108	0.00122	   Digraph	050	096	       vec	
0.00176	0.00006	0.00168	0.00203	   Digraph	050	097	      fibo	
0.00185	0.00003	0.00178	0.00191	   Digraph	050	097	       bin	
0.00131	0.00004	0.00127	0.00141	   Digraph	050	097	       vec	
0.00172	0.00004	0.00163	0.00184	   Digraph	050	098	      fibo	
0.00183	0.00041	0.00172	0.00587	   Digraph	050	098	       bin	
0.00130	0.00021	0.00124	0.00334	   Digraph	050	098	       vec	
0.00125	0.00006	0.00116	0.00162	   Digraph	050	099	      fibo	
0.00088	0.00003	0.00081	0.00096	   Digraph	050	099	       bin	
0.00115	0.00006	0.00110	0.00152	   Digraph	050	099	       vec	
0.00175	0.00004	0.00167	0.00191	   Digraph	050	100	      fibo	
0.00186	0.00035	0.00172	0.00463	   Digraph	050	100	       bin	
0.00130	0.00007	0.00125	0.00171	   Digraph	050	100	       vec	
0.00180	0.00006	0.00172	0.00216	   Digraph	050	101	      fibo	
0.00185	0.00003	0.00177	0.00190	   Digraph	050	101	       bin	
0.00131	0.00005	0.00126	0.00159	   Digraph	050	101	       vec	
0.00165	0.00005	0.00156	0.00192	   Digraph	050	102	      fibo	
0.00181	0.00003	0.00173	0.00186	   Digraph	050	102	       bin	
0.00130	0.00005	0.00125	0.00165	   Digraph	050	102	       vec	
0.00179	0.00005	0.00171	0.00197	   Digraph	050	103	      fibo	
0.00186	0.00003	0.00177	0.00194	   Digraph	050	103	       bin	
0.00130	0.00004	0.00126	0.00156	   Digraph	050	103	       vec	
0.00122	0.00021	0.00115	0.00326	   Digraph	050	104	      fibo	
0.00090	0.00009	0.00080	0.00131	   Digraph	050	104	       bin	
0.00115	0.00007	0.00108	0.00177	   Digraph	050	104	       vec	
0.00180	0.00013	0.00169	0.00254	   Digraph	050	105	      fibo	
0.00186	0.00004	0.00178	0.00197	   Digraph	050	105	       bin	
0.00132	0.00021	0.00125	0.00341	   Digraph	050	105	       vec	
0.00118	0.00005	0.00112	0.00137	   Digraph	050	106	      fibo	
0.00087	0.00003	0.00080	0.00094	   Digraph	050	106	       bin	
0.00115	0.00003	0.00109	0.00122	   Digraph	050	106	       vec	
0.00178	0.00004	0.00172	0.00198	   Digraph	050	107	      fibo	
0.00189	0.00023	0.00178	0.00405	   Digraph	050	107	       bin	
0.00131	0.00005	0.00127	0.00159	   Digraph	050	107	       vec	
0.00173	0.00023	0.00162	0.00393	   Digraph	050	108	      fibo	
0.00162	0.00003	0.00155	0.00169	   Digraph	050	108	       bin	
0.00127	0.00004	0.00122	0.00143	   Digraph	050	108	       vec	
0.00169	0.00022	0.00160	0.00379	   Digraph	050	109	      fibo	
0.00190	0.00009	0.00181	0.00257	   Digraph	050	109	       bin	
0.00130	0.00004	0.00126	0.00150	   Digraph	050	109	       vec	
0.00180	0.00004	0.00173	0.00196	   Digraph	050	110	      fibo	
0.00185	0.00004	0.00178	0.00205	   Digraph	050	110	       bin	
0.00130	0.00004	0.00126	0.00143	   Digraph	050	110	       vec	
0.00162	0.00022	0.00152	0.00375	   Digraph	050	111	      fibo	
0.00161	0.00004	0.00153	0.00169	   Digraph	050	111	       bin	
0.00126	0.00003	0.00122	0.00132	   Digraph	050	111	       vec	
0.00182	0.00004	0.00175	0.00197	   Digraph	050	112	      fibo	
0.00195	0.00005	0.00187	0.00236	   Digraph	050	112	       bin	
0.00134	0.00021	0.00128	0.00336	   Digraph	050	112	       vec	
0.00168	0.00005	0.00161	0.00185	   Digraph	050	113	      fibo	
0.00182	0.00003	0.00175	0.00188	   Digraph	050	113	       bin	
0.00131	0.00004	0.00127	0.00138	   Digraph	050	113	       vec	
0.00119	0.00004	0.00111	0.00139	   Digraph	050	114	      fibo	
0.00091	0.00022	0.00081	0.00311	   Digraph	050	114	       bin	
0.00115	0.00003	0.00110	0.00120	   Digraph	050	114	       vec	
0.00183	0.00005	0.00174	0.00201	   Digraph	050	115	      fibo	
0.00190	0.00006	0.00181	0.00241	   Digraph	050	115	       bin	
0.00132	0.00005	0.00128	0.00163	   Digraph	050	115	       vec	
0.00187	0.00025	0.00177	0.00427	   Digraph	050	116	      fibo	
0.00187	0.00011	0.00178	0.00268	   Digraph	050	116	       bin	
0.00134	0.00010	0.00127	0.00182	   Digraph	050	116	       vec	
0.00190	0.00007	0.00181	0.00224	   Digraph	050	117	      fibo	
0.00195	0.00011	0.00185	0.00281	   Digraph	050	117	       bin	
0.00134	0.00006	0.00129	0.00164	   Digraph	050	117	       vec	
0.00181	0.00032	0.00169	0.00494	   Digraph	050	118	      fibo	
0.00189	0.00010	0.00179	0.00226	   Digraph	050	118	       bin	
0.00132	0.00005	0.00128	0.00159	   Digraph	050	118	       vec	
0.00179	0.00005	0.00171	0.00198	   Digraph	050	119	      fibo	
0.00190	0.00006	0.00181	0.00222	   Digraph	050	119	       bin	
0.00134	0.00021	0.00127	0.00337	   Digraph	050	119	       vec	
0.00184	0.00005	0.00177	0.00208	   Digraph	050	120	      fibo	
0.00195	0.00005	0.00186	0.00218	   Digraph	050	120	       bin	
0.00132	0.00004	0.00128	0.00138	   Digraph	050	120	       vec	
0.00181	0.00005	0.00173	0.00198	   Digraph	050	121	      fibo	
0.00194	0.00021	0.00184	0.00400	   Digraph	050	121	       bin	
0.00132	0.00004	0.00128	0.00151	   Digraph	050	121	       vec	
0.00182	0.00004	0.00175	0.00205	   Digraph	050	122	      fibo	
0.00199	0.00005	0.00191	0.00235	   Digraph	050	122	       bin	
0.00133	0.00003	0.00129	0.00140	   Digraph	050	122	       vec	
0.00124	0.00022	0.00113	0.00335	   Digraph	050	123	      fibo	
0.00091	0.00006	0.00083	0.00131	   Digraph	050	123	       bin	
0.00116	0.00003	0.00110	0.00121	   Digraph	050	123	       vec	
0.00182	0.00008	0.00174	0.00236	   Digraph	050	124	      fibo	
0.00192	0.00011	0.00180	0.00234	   Digraph	050	124	       bin	
0.00133	0.00008	0.00127	0.00173	   Digraph	050	124	       vec	
0.00180	0.00030	0.00167	0.00447	   Digraph	050	125	      fibo	
0.00198	0.00011	0.00189	0.00291	   Digraph	050	125	       bin	
0.00136	0.00008	0.00130	0.00193	   Digraph	050	125	       vec	
0.00126	0.00013	0.00113	0.00204	   Digraph	050	126	      fibo	
0.00093	0.00021	0.00083	0.00298	   Digraph	050	126	       bin	
0.00118	0.00014	0.00111	0.00254	   Digraph	050	126	       vec	
0.00121	0.00006	0.00113	0.00158	   Digraph	050	127	      fibo	
0.00091	0.00005	0.00083	0.00121	   Digraph	050	127	       bin	
0.00117	0.00004	0.00111	0.00132	   Digraph	050	127	       vec	
0.00196	0.00024	0.00182	0.00401	   Digraph	050	128	      fibo	
0.00207	0.00004	0.00199	0.00237	   Digraph	050	128	       bin	
0.00136	0.00003	0.00131	0.00142	   Digraph	050	128	       vec	
0.00186	0.00005	0.00178	0.00201	   Digraph	050	129	      fibo	
0.00197	0.00003	0.00191	0.00213	   Digraph	050	129	       bin	
0.00133	0.00004	0.00129	0.00153	   Digraph	050	129	       vec	
0.00123	0.00017	0.00114	0.00286	   Digraph	050	130	      fibo	
0.00093	0.00007	0.00084	0.00130	   Digraph	050	130	       bin	
0.00119	0.00006	0.00112	0.00148	   Digraph	050	130	       vec	
0.00183	0.00009	0.00172	0.00221	   Digraph	050	131	      fibo	
0.00201	0.00023	0.00191	0.00418	   Digraph	050	131	       bin	
0.00134	0.00003	0.00130	0.00141	   Digraph	050	131	       vec	
0.00183	0.00017	0.00174	0.00341	   Digraph	050	132	      fibo	
0.00193	0.00003	0.00187	0.00199	   Digraph	050	132	       bin	
0.00134	0.00004	0.00130	0.00148	   Digraph	050	132	       vec	
0.00184	0.00021	0.00176	0.00391	   Digraph	050	133	      fibo	
0.00191	0.00006	0.00183	0.00227	   Digraph	050	133	       bin	
0.00134	0.00007	0.00130	0.00198	   Digraph	050	133	       vec	
0.00122	0.00004	0.00115	0.00137	   Digraph	050	134	      fibo	
0.00091	0.00003	0.00084	0.00096	   Digraph	050	134	       bin	
0.00120	0.00021	0.00112	0.00329	   Digraph	050	134	       vec	
0.00184	0.00005	0.00176	0.00200	   Digraph	050	135	      fibo	
0.00200	0.00004	0.00192	0.00206	   Digraph	050	135	       bin	
0.00135	0.00003	0.00131	0.00141	   Digraph	050	135	       vec	
0.00178	0.00008	0.00171	0.00253	   Digraph	050	136	      fibo	
0.00196	0.00021	0.00188	0.00398	   Digraph	050	136	       bin	
0.00135	0.00004	0.00130	0.00147	   Digraph	050	136	       vec	
0.00128	0.00004	0.00120	0.00144	   Digraph	050	137	      fibo	
0.00093	0.00003	0.00087	0.00099	   Digraph	050	137	       bin	
0.00119	0.00003	0.00112	0.00123	   Digraph	050	137	       vec	
0.00194	0.00022	0.00183	0.00405	   Digraph	050	138	      fibo	
0.00206	0.00004	0.00198	0.00214	   Digraph	050	138	       bin	
0.00137	0.00003	0.00133	0.00144	   Digraph	050	138	       vec	
0.00182	0.00004	0.00175	0.00199	   Digraph	050	139	      fibo	
0.00199	0.00002	0.00193	0.00203	   Digraph	050	139	       bin	
0.00136	0.00003	0.00131	0.00142	   Digraph	050	139	       vec	
0.00192	0.00005	0.00185	0.00217	   Digraph	050	140	      fibo	
0.00202	0.00004	0.00194	0.00208	   Digraph	050	140	       bin	
0.00137	0.00004	0.00133	0.00144	   Digraph	050	140	       vec	
0.00180	0.00004	0.00174	0.00198	   Digraph	050	141	      fibo	
0.00202	0.00021	0.00191	0.00410	   Digraph	050	141	       bin	
0.00135	0.00003	0.00130	0.00142	   Digraph	050	141	       vec	
0.00190	0.00006	0.00182	0.00220	   Digraph	050	142	      fibo	
0.00202	0.00004	0.00193	0.00215	   Digraph	050	142	       bin	
0.00135	0.00003	0.00131	0.00142	   Digraph	050	142	       vec	
0.00193	0.00005	0.00185	0.00214	   Digraph	050	143	      fibo	
0.00200	0.00004	0.00191	0.00205	   Digraph	050	143	       bin	
0.00136	0.00004	0.00132	0.00143	   Digraph	050	143	       vec	
0.00191	0.00004	0.00183	0.00210	   Digraph	050	144	      fibo	
0.00203	0.00004	0.00195	0.00211	   Digraph	050	144	       bin	
0.00136	0.00003	0.00132	0.00143	   Digraph	050	144	       vec	
0.00186	0.00021	0.00179	0.00389	   Digraph	050	145	      fibo	
0.00208	0.00004	0.00200	0.00214	   Digraph	050	145	       bin	
0.00193	0.00553	0.00133	0.05692	   Digraph	050	145	       vec	
0.00183	0.00005	0.00180	0.00207	   Digraph	050	146	      fibo	
0.00197	0.00008	0.00194	0.00257	   Digraph	050	146	       bin	
0.00134	0.00002	0.00132	0.00151	   Digraph	050	146	       vec	
0.00191	0.00004	0.00188	0.00208	   Digraph	050	147	      fibo	
0.00205	0.00022	0.00198	0.00425	   Digraph	050	147	       bin	
0.00137	0.00004	0.00133	0.00156	   Digraph	050	147	       vec	
0.00192	0.00007	0.00183	0.00221	   Digraph	050	148	      fibo	
0.00202	0.00006	0.00192	0.00239	   Digraph	050	148	       bin	
0.00136	0.00003	0.00132	0.00142	   Digraph	050	148	       vec	
0.00199	0.00041	0.00184	0.00530	   Digraph	050	149	      fibo	
0.00211	0.00004	0.00204	0.00240	   Digraph	050	149	       bin	
0.00138	0.00006	0.00134	0.00172	   Digraph	050	149	       vec	
0.00188	0.00006	0.00179	0.00213	   Digraph	050	150	      fibo	
0.00206	0.00022	0.00197	0.00418	   Digraph	050	150	       bin	
0.00137	0.00004	0.00133	0.00148	   Digraph	050	150	       vec	
0.00195	0.00005	0.00186	0.00217	   Digraph	050	151	      fibo	
0.00207	0.00003	0.00200	0.00214	   Digraph	050	151	       bin	
0.00138	0.00004	0.00133	0.00145	   Digraph	050	151	       vec	
0.00194	0.00022	0.00183	0.00402	   Digraph	050	152	      fibo	
0.00199	0.00003	0.00193	0.00209	   Digraph	050	152	       bin	
0.00137	0.00004	0.00133	0.00143	   Digraph	050	152	       vec	
0.00187	0.00021	0.00177	0.00392	   Digraph	050	153	      fibo	
0.00207	0.00021	0.00197	0.00417	   Digraph	050	153	       bin	
0.00138	0.00004	0.00133	0.00144	   Digraph	050	153	       vec	
0.00193	0.00006	0.00181	0.00213	   Digraph	050	154	      fibo	
0.00204	0.00002	0.00197	0.00210	   Digraph	050	154	       bin	
0.00137	0.00004	0.00133	0.00145	   Digraph	050	154	       vec	
0.00196	0.00021	0.00184	0.00400	   Digraph	050	155	      fibo	
0.00211	0.00002	0.00205	0.00214	   Digraph	050	155	       bin	
0.00138	0.00004	0.00134	0.00144	   Digraph	050	155	       vec	
0.00184	0.00006	0.00174	0.00203	   Digraph	050	156	      fibo	
0.00196	0.00021	0.00186	0.00407	   Digraph	050	156	       bin	
0.00136	0.00003	0.00131	0.00142	   Digraph	050	156	       vec	
0.00193	0.00006	0.00183	0.00210	   Digraph	050	157	      fibo	
0.00205	0.00002	0.00201	0.00220	   Digraph	050	157	       bin	
0.00137	0.00004	0.00133	0.00145	   Digraph	050	157	       vec	
0.00194	0.00024	0.00183	0.00426	   Digraph	050	158	      fibo	
0.00205	0.00002	0.00199	0.00208	   Digraph	050	158	       bin	
0.00138	0.00004	0.00133	0.00145	   Digraph	050	158	       vec	
0.00203	0.00007	0.00192	0.00234	   Digraph	050	159	      fibo	
0.00217	0.00021	0.00208	0.00425	   Digraph	050	159	       bin	
0.00140	0.00004	0.00136	0.00147	   Digraph	050	159	       vec	
0.00195	0.00005	0.00186	0.00211	   Digraph	050	160	      fibo	
0.00202	0.00002	0.00195	0.00206	   Digraph	050	160	       bin	
0.00138	0.00004	0.00134	0.00146	   Digraph	050	160	       vec	
0.00198	0.00031	0.00185	0.00502	   Digraph	050	161	      fibo	
0.00211	0.00002	0.00204	0.00215	   Digraph	050	161	       bin	
0.00139	0.00004	0.00135	0.00147	   Digraph	050	161	       vec	
0.00191	0.00006	0.00182	0.00225	   Digraph	050	162	      fibo	
0.00211	0.00022	0.00201	0.00425	   Digraph	050	162	       bin	
0.00139	0.00004	0.00135	0.00147	   Digraph	050	162	       vec	
0.00192	0.00005	0.00184	0.00210	   Digraph	050	163	      fibo	
0.00203	0.00003	0.00196	0.00213	   Digraph	050	163	       bin	
0.00141	0.00004	0.00136	0.00148	   Digraph	050	163	       vec	
0.00193	0.00022	0.00182	0.00407	   Digraph	050	164	      fibo	
0.00202	0.00003	0.00195	0.00213	   Digraph	050	164	       bin	
0.00138	0.00004	0.00133	0.00146	   Digraph	050	164	       vec	
0.00128	0.00006	0.00116	0.00146	   Digraph	050	165	      fibo	
0.00098	0.00020	0.00090	0.00298	   Digraph	050	165	       bin	
0.00122	0.00003	0.00115	0.00128	   Digraph	050	165	       vec	
0.00192	0.00007	0.00181	0.00211	   Digraph	050	166	      fibo	
0.00204	0.00002	0.00197	0.00209	   Digraph	050	166	       bin	
0.00140	0.00003	0.00135	0.00150	   Digraph	050	166	       vec	
0.00191	0.00005	0.00182	0.00219	   Digraph	050	167	      fibo	
0.00211	0.00003	0.00204	0.00216	   Digraph	050	167	       bin	
0.00140	0.00004	0.00136	0.00147	   Digraph	050	167	       vec	
0.00197	0.00005	0.00187	0.00210	   Digraph	050	168	      fibo	
0.00211	0.00003	0.00203	0.00215	   Digraph	050	168	       bin	
0.00140	0.00004	0.00135	0.00149	   Digraph	050	168	       vec	
0.00191	0.00006	0.00182	0.00216	   Digraph	050	169	      fibo	
0.00201	0.00003	0.00194	0.00208	   Digraph	050	169	       bin	
0.00138	0.00003	0.00133	0.00145	   Digraph	050	169	       vec	
0.00194	0.00006	0.00184	0.00221	   Digraph	050	170	      fibo	
0.00201	0.00003	0.00194	0.00205	   Digraph	050	170	       bin	
0.00140	0.00004	0.00135	0.00147	   Digraph	050	170	       vec	
0.00196	0.00006	0.00186	0.00216	   Digraph	050	171	      fibo	
0.00212	0.00020	0.00202	0.00404	   Digraph	050	171	       bin	
0.00141	0.00004	0.00136	0.00148	   Digraph	050	171	       vec	
0.00203	0.00006	0.00192	0.00223	   Digraph	050	172	      fibo	
0.00211	0.00003	0.00204	0.00216	   Digraph	050	172	       bin	
0.00142	0.00004	0.00137	0.00150	   Digraph	050	172	       vec	
0.00198	0.00006	0.00187	0.00232	   Digraph	050	173	      fibo	
0.00211	0.00003	0.00202	0.00214	   Digraph	050	173	       bin	
0.00140	0.00004	0.00135	0.00150	   Digraph	050	173	       vec	
0.00194	0.00007	0.00182	0.00215	   Digraph	050	174	      fibo	
0.00210	0.00021	0.00198	0.00418	   Digraph	050	174	       bin	
0.00141	0.00006	0.00135	0.00174	   Digraph	050	174	       vec	
0.00199	0.00006	0.00188	0.00221	   Digraph	050	175	      fibo	
0.00212	0.00004	0.00204	0.00221	   Digraph	050	175	       bin	
0.00142	0.00004	0.00137	0.00149	   Digraph	050	175	       vec	
0.00205	0.00009	0.00192	0.00244	   Digraph	050	176	      fibo	
0.00215	0.00003	0.00206	0.00223	   Digraph	050	176	       bin	
0.00142	0.00004	0.00138	0.00150	   Digraph	050	176	       vec	
0.00204	0.00007	0.00193	0.00225	   Digraph	050	177	      fibo	
0.00215	0.00020	0.00208	0.00416	   Digraph	050	177	       bin	
0.00142	0.00004	0.00137	0.00153	   Digraph	050	177	       vec	
0.00190	0.00007	0.00180	0.00236	   Digraph	050	178	      fibo	
0.00210	0.00003	0.00203	0.00215	   Digraph	050	178	       bin	
0.00141	0.00004	0.00137	0.00149	   Digraph	050	178	       vec	
0.00191	0.00006	0.00181	0.00213	   Digraph	050	179	      fibo	
0.00208	0.00004	0.00200	0.00218	   Digraph	050	179	       bin	
0.00142	0.00004	0.00136	0.00161	   Digraph	050	179	       vec	
0.00202	0.00008	0.00191	0.00241	   Digraph	050	180	      fibo	
0.00210	0.00021	0.00201	0.00418	   Digraph	050	180	       bin	
0.00142	0.00004	0.00137	0.00152	   Digraph	050	180	       vec	
0.00198	0.00018	0.00185	0.00368	   Digraph	050	181	      fibo	
0.00215	0.00002	0.00206	0.00221	   Digraph	050	181	       bin	
0.00143	0.00010	0.00137	0.00232	   Digraph	050	181	       vec	
0.00200	0.00006	0.00190	0.00215	   Digraph	050	182	      fibo	
0.00216	0.00003	0.00209	0.00228	   Digraph	050	182	       bin	
0.00142	0.00007	0.00138	0.00198	   Digraph	050	182	       vec	
0.00202	0.00011	0.00188	0.00272	   Digraph	050	183	      fibo	
0.00217	0.00003	0.00210	0.00224	   Digraph	050	183	       bin	
0.00143	0.00004	0.00138	0.00151	   Digraph	050	183	       vec	
0.00198	0.00005	0.00188	0.00215	   Digraph	050	184	      fibo	
0.00206	0.00004	0.00198	0.00224	   Digraph	050	184	       bin	
0.00143	0.00009	0.00137	0.00192	   Digraph	050	184	       vec	
0.00203	0.00011	0.00189	0.00262	   Digraph	050	185	      fibo	
0.00214	0.00003	0.00206	0.00230	   Digraph	050	185	       bin	
0.00141	0.00004	0.00137	0.00164	   Digraph	050	185	       vec	
0.00193	0.00005	0.00184	0.00206	   Digraph	050	186	      fibo	
0.00215	0.00020	0.00206	0.00417	   Digraph	050	186	       bin	
0.00142	0.00006	0.00137	0.00174	   Digraph	050	186	       vec	
0.00200	0.00007	0.00189	0.00249	   Digraph	050	187	      fibo	
0.00213	0.00006	0.00207	0.00251	   Digraph	050	187	       bin	
0.00142	0.00003	0.00137	0.00149	   Digraph	050	187	       vec	
0.00197	0.00006	0.00186	0.00230	   Digraph	050	188	      fibo	
0.00209	0.00004	0.00202	0.00232	   Digraph	050	188	       bin	
0.00141	0.00005	0.00137	0.00175	   Digraph	050	188	       vec	
0.00200	0.00009	0.00187	0.00241	   Digraph	050	189	      fibo	
0.00217	0.00022	0.00205	0.00417	   Digraph	050	189	       bin	
0.00143	0.00008	0.00137	0.00185	   Digraph	050	189	       vec	
0.00206	0.00008	0.00194	0.00241	   Digraph	050	190	      fibo	
0.00217	0.00005	0.00209	0.00252	   Digraph	050	190	       bin	
0.00142	0.00003	0.00137	0.00148	   Digraph	050	190	       vec	
0.00203	0.00006	0.00192	0.00218	   Digraph	050	191	      fibo	
0.00221	0.00002	0.00215	0.00227	   Digraph	050	191	       bin	
0.00144	0.00005	0.00139	0.00168	   Digraph	050	191	       vec	
0.00202	0.00008	0.00192	0.00260	   Digraph	050	192	      fibo	
0.00212	0.00003	0.00205	0.00216	   Digraph	050	192	       bin	
0.00188	0.00468	0.00137	0.04840	   Digraph	050	192	       vec	
0.00192	0.00004	0.00189	0.00211	   Digraph	050	193	      fibo	
0.00209	0.00003	0.00207	0.00228	   Digraph	050	193	       bin	
0.00141	0.00002	0.00139	0.00155	   Digraph	050	193	       vec	
0.00193	0.00023	0.00188	0.00421	   Digraph	050	194	      fibo	
0.00212	0.00002	0.00205	0.00215	   Digraph	050	194	       bin	
0.00143	0.00005	0.00138	0.00154	   Digraph	050	194	       vec	
0.00197	0.00006	0.00188	0.00227	   Digraph	050	195	      fibo	
0.00228	0.00032	0.00216	0.00453	   Digraph	050	195	       bin	
0.00145	0.00004	0.00141	0.00160	   Digraph	050	195	       vec	
0.00205	0.00010	0.00192	0.00270	   Digraph	050	196	      fibo	
0.00213	0.00002	0.00206	0.00216	   Digraph	050	196	       bin	
0.00143	0.00005	0.00138	0.00166	   Digraph	050	196	       vec	
0.00207	0.00039	0.00193	0.00585	   Digraph	050	197	      fibo	
0.00221	0.00004	0.00214	0.00248	   Digraph	050	197	       bin	
0.00142	0.00004	0.00138	0.00149	   Digraph	050	197	       vec	
0.00209	0.00029	0.00195	0.00423	   Digraph	050	198	      fibo	
0.00220	0.00002	0.00215	0.00222	   Digraph	050	198	       bin	
0.00144	0.00004	0.00139	0.00161	   Digraph	050	198	       vec	
0.00198	0.00006	0.00188	0.00222	   Digraph	050	199	      fibo	
0.00219	0.00021	0.00212	0.00431	   Digraph	050	199	       bin	
0.00143	0.00004	0.00139	0.00149	   Digraph	050	199	       vec	
0.00200	0.00007	0.00189	0.00221	   Digraph	050	200	      fibo	
0.00218	0.00003	0.00209	0.00225	   Digraph	050	200	       bin	
0.00143	0.00003	0.00139	0.00151	   Digraph	050	200	       vec	
0.00204	0.00030	0.00190	0.00496	   Digraph	050	201	      fibo	
0.00214	0.00002	0.00206	0.00218	   Digraph	050	201	       bin	
0.00143	0.00004	0.00139	0.00150	   Digraph	050	201	       vec	
0.00202	0.00007	0.00191	0.00236	   Digraph	050	202	      fibo	
0.00209	0.00003	0.00202	0.00213	   Digraph	050	202	       bin	
0.00142	0.00004	0.00138	0.00149	   Digraph	050	202	       vec	
0.00196	0.00007	0.00185	0.00229	   Digraph	050	203	      fibo	
0.00222	0.00021	0.00213	0.00432	   Digraph	050	203	       bin	
0.00144	0.00003	0.00139	0.00150	   Digraph	050	203	       vec	
0.00196	0.00006	0.00186	0.00224	   Digraph	050	204	      fibo	
0.00219	0.00002	0.00212	0.00223	   Digraph	050	204	       bin	
0.00144	0.00003	0.00140	0.00150	   Digraph	050	204	       vec	
0.00205	0.00022	0.00191	0.00418	   Digraph	050	205	      fibo	
0.00219	0.00002	0.00212	0.00222	   Digraph	050	205	       bin	
0.00146	0.00004	0.00141	0.00151	   Digraph	050	205	       vec	
0.00203	0.00006	0.00193	0.00221	   Digraph	050	206	      fibo	
0.00218	0.00002	0.00211	0.00223	   Digraph	050	206	       bin	
0.00146	0.00003	0.00141	0.00152	   Digraph	050	206	       vec	
0.00200	0.00006	0.00189	0.00220	   Digraph	050	207	      fibo	
0.00225	0.00002	0.00221	0.00230	   Digraph	050	207	       bin	
0.00146	0.00020	0.00140	0.00347	   Digraph	050	207	       vec	
0.00195	0.00007	0.00184	0.00225	   Digraph	050	208	      fibo	
0.00228	0.00013	0.00218	0.00298	   Digraph	050	208	       bin	
0.00146	0.00008	0.00140	0.00196	   Digraph	050	208	       vec	
0.00217	0.00023	0.00201	0.00423	   Digraph	050	209	      fibo	
0.00218	0.00003	0.00210	0.00229	   Digraph	050	209	       bin	
0.00144	0.00004	0.00140	0.00151	   Digraph	050	209	       vec	
0.00198	0.00010	0.00187	0.00253	   Digraph	050	210	      fibo	
0.00215	0.00021	0.00205	0.00421	   Digraph	050	210	       bin	
0.00145	0.00008	0.00139	0.00187	   Digraph	050	210	       vec	
0.00208	0.00011	0.00196	0.00282	   Digraph	050	211	      fibo	
0.00230	0.00010	0.00218	0.00272	   Digraph	050	211	       bin	
0.00149	0.00021	0.00143	0.00353	   Digraph	050	211	       vec	
0.00203	0.00006	0.00194	0.00225	   Digraph	050	212	      fibo	
0.00219	0.00008	0.00208	0.00258	   Digraph	050	212	       bin	
0.00145	0.00004	0.00140	0.00163	   Digraph	050	212	       vec	
0.00210	0.00023	0.00196	0.00426	   Digraph	050	213	      fibo	
0.00220	0.00003	0.00214	0.00247	   Digraph	050	213	       bin	
0.00145	0.00004	0.00140	0.00152	   Digraph	050	213	       vec	
0.00209	0.00010	0.00196	0.00267	   Digraph	050	214	      fibo	
0.00221	0.00021	0.00210	0.00425	   Digraph	050	214	       bin	
0.00145	0.00004	0.00141	0.00151	   Digraph	050	214	       vec	
0.00207	0.00007	0.00195	0.00230	   Digraph	050	215	      fibo	
0.00225	0.00002	0.00219	0.00233	   Digraph	050	215	       bin	
0.00148	0.00021	0.00142	0.00358	   Digraph	050	215	       vec	
0.00204	0.00007	0.00194	0.00237	   Digraph	050	216	      fibo	
0.00224	0.00002	0.00219	0.00228	   Digraph	050	216	       bin	
0.00146	0.00003	0.00142	0.00151	   Digraph	050	216	       vec	
0.00215	0.00023	0.00203	0.00434	   Digraph	050	217	      fibo	
0.00220	0.00002	0.00212	0.00228	   Digraph	050	217	       bin	
0.00145	0.00004	0.00141	0.00153	   Digraph	050	217	       vec	
0.00195	0.00006	0.00186	0.00222	   Digraph	050	218	      fibo	
0.00220	0.00021	0.00210	0.00424	   Digraph	050	218	       bin	
0.00145	0.00004	0.00140	0.00166	   Digraph	050	218	       vec	
0.00209	0.00007	0.00198	0.00224	   Digraph	050	219	      fibo	
0.00225	0.00002	0.00219	0.00235	   Digraph	050	219	       bin	
0.00146	0.00004	0.00141	0.00153	   Digraph	050	219	       vec	
0.00208	0.00006	0.00197	0.00229	   Digraph	050	220	      fibo	
0.00224	0.00002	0.00216	0.00229	   Digraph	050	220	       bin	
0.00145	0.00004	0.00141	0.00152	   Digraph	050	220	       vec	
0.00207	0.00023	0.00194	0.00428	   Digraph	050	221	      fibo	
0.00221	0.00003	0.00215	0.00225	   Digraph	050	221	       bin	
0.00147	0.00004	0.00142	0.00153	   Digraph	050	221	       vec	
0.00212	0.00007	0.00202	0.00237	   Digraph	050	222	      fibo	
0.00237	0.00021	0.00229	0.00441	   Digraph	050	222	       bin	
0.00149	0.00004	0.00145	0.00155	   Digraph	050	222	       vec	
0.00205	0.00007	0.00194	0.00226	   Digraph	050	223	      fibo	
0.00222	0.00002	0.00215	0.00228	   Digraph	050	223	       bin	
0.00146	0.00003	0.00142	0.00153	   Digraph	050	223	       vec	
0.00205	0.00007	0.00194	0.00227	   Digraph	050	224	      fibo	
0.00222	0.00002	0.00214	0.00227	   Digraph	050	224	       bin	
0.00147	0.00004	0.00143	0.00153	   Digraph	050	224	       vec	
0.00210	0.00022	0.00197	0.00416	   Digraph	050	225	      fibo	
0.00227	0.00003	0.00220	0.00242	   Digraph	050	225	       bin	
0.00147	0.00004	0.00143	0.00153	   Digraph	050	225	       vec	
0.00211	0.00007	0.00200	0.00230	   Digraph	050	226	      fibo	
0.00225	0.00020	0.00217	0.00427	   Digraph	050	226	       bin	
0.00148	0.00004	0.00143	0.00153	   Digraph	050	226	       vec	
0.00206	0.00007	0.00195	0.00237	   Digraph	050	227	      fibo	
0.00225	0.00002	0.00221	0.00230	   Digraph	050	227	       bin	
0.00151	0.00021	0.00144	0.00355	   Digraph	050	227	       vec	
0.00214	0.00007	0.00202	0.00229	   Digraph	050	228	      fibo	
0.00234	0.00002	0.00227	0.00238	   Digraph	050	228	       bin	
0.00151	0.00003	0.00146	0.00157	   Digraph	050	228	       vec	
0.00216	0.00023	0.00201	0.00433	   Digraph	050	229	      fibo	
0.00232	0.00003	0.00224	0.00236	   Digraph	050	229	       bin	
0.00149	0.00003	0.00145	0.00155	   Digraph	050	229	       vec	
0.00211	0.00007	0.00200	0.00228	   Digraph	050	230	      fibo	
0.00228	0.00002	0.00222	0.00233	   Digraph	050	230	       bin	
0.00148	0.00003	0.00144	0.00154	   Digraph	050	230	       vec	
0.00201	0.00008	0.00190	0.00231	   Digraph	050	231	      fibo	
0.00223	0.00002	0.00217	0.00227	   Digraph	050	231	       bin	
0.00147	0.00004	0.00143	0.00154	   Digraph	050	231	       vec	
0.00203	0.00008	0.00191	0.00239	   Digraph	050	232	      fibo	
0.00225	0.00002	0.00218	0.00229	   Digraph	050	232	       bin	
0.00148	0.00003	0.00143	0.00154	   Digraph	050	232	       vec	
0.00212	0.00021	0.00198	0.00412	   Digraph	050	233	      fibo	
0.00232	0.00002	0.00225	0.00239	   Digraph	050	233	       bin	
0.00150	0.00004	0.00146	0.00157	   Digraph	050	233	       vec	
0.00210	0.00007	0.00199	0.00227	   Digraph	050	234	      fibo	
0.00245	0.00051	0.00228	0.00580	   Digraph	050	234	       bin	
0.00156	0.00030	0.00145	0.00414	   Digraph	050	234	       vec	
0.00207	0.00011	0.00195	0.00269	   Digraph	050	235	      fibo	
0.00221	0.00004	0.00213	0.00245	   Digraph	050	235	       bin	
0.00148	0.00004	0.00143	0.00155	   Digraph	050	235	       vec	
0.00203	0.00010	0.00191	0.00252	   Digraph	050	236	      fibo	
0.00224	0.00004	0.00217	0.00248	   Digraph	050	236	       bin	
0.00147	0.00003	0.00143	0.00154	   Digraph	050	236	       vec	
0.00209	0.00022	0.00196	0.00421	   Digraph	050	237	      fibo	
0.00229	0.00002	0.00223	0.00233	   Digraph	050	237	       bin	
0.00150	0.00005	0.00145	0.00178	   Digraph	050	237	       vec	
0.00261	0.00431	0.00208	0.04553	   Digraph	050	238	      fibo	
0.00228	0.00003	0.00226	0.00246	   Digraph	050	238	       bin	
0.00148	0.00002	0.00145	0.00162	   Digraph	050	238	       vec	
0.00202	0.00004	0.00200	0.00219	   Digraph	050	239	      fibo	
0.00224	0.00022	0.00217	0.00438	   Digraph	050	239	       bin	
0.00150	0.00006	0.00145	0.00180	   Digraph	050	239	       vec	
0.00209	0.00009	0.00196	0.00247	   Digraph	050	240	      fibo	
0.00226	0.00020	0.00215	0.00421	   Digraph	050	240	       bin	
0.00151	0.00020	0.00144	0.00347	   Digraph	050	240	       vec	
0.00210	0.00006	0.00200	0.00230	   Digraph	050	241	      fibo	
0.00233	0.00004	0.00226	0.00262	   Digraph	050	241	       bin	
0.00150	0.00005	0.00145	0.00174	   Digraph	050	241	       vec	
0.00210	0.00007	0.00199	0.00234	   Digraph	050	242	      fibo	
0.00222	0.00002	0.00215	0.00225	   Digraph	050	242	       bin	
0.00149	0.00004	0.00145	0.00155	   Digraph	050	242	       vec	
0.00213	0.00023	0.00201	0.00420	   Digraph	050	243	      fibo	
0.00221	0.00002	0.00214	0.00225	   Digraph	050	243	       bin	
0.00147	0.00004	0.00143	0.00160	   Digraph	050	243	       vec	
0.00209	0.00025	0.00194	0.00436	   Digraph	050	244	      fibo	
0.00223	0.00004	0.00215	0.00247	   Digraph	050	244	       bin	
0.00148	0.00004	0.00144	0.00162	   Digraph	050	244	       vec	
0.00202	0.00010	0.00190	0.00264	   Digraph	050	245	      fibo	
0.00249	0.00095	0.00220	0.00863	   Digraph	050	245	       bin	
0.00149	0.00011	0.00143	0.00239	   Digraph	050	245	       vec	
0.00211	0.00008	0.00200	0.00237	   Digraph	050	246	      fibo	
0.00229	0.00005	0.00221	0.00260	   Digraph	050	246	       bin	
0.00151	0.00021	0.00145	0.00358	   Digraph	050	246	       vec	
0.00207	0.00008	0.00197	0.00244	   Digraph	050	247	      fibo	
0.00231	0.00004	0.00223	0.00254	   Digraph	050	247	       bin	
0.00150	0.00004	0.00145	0.00169	   Digraph	050	247	       vec	
0.00221	0.00041	0.00206	0.00618	   Digraph	050	248	      fibo	
0.00226	0.00002	0.00220	0.00232	   Digraph	050	248	       bin	
0.00151	0.00006	0.00145	0.00183	   Digraph	050	248	       vec	
0.00212	0.00022	0.00200	0.00414	   Digraph	050	249	      fibo	
0.00229	0.00005	0.00221	0.00257	   Digraph	050	249	       bin	
0.00150	0.00006	0.00145	0.00187	   Digraph	050	249	       vec	
0.00214	0.00009	0.00203	0.00254	   Digraph	050	250	      fibo	
0.00237	0.00020	0.00227	0.00431	   Digraph	050	250	       bin	
0.00150	0.00006	0.00145	0.00187	   Digraph	050	250	       vec	
0.00220	0.00011	0.00208	0.00296	   Digraph	050	251	      fibo	
0.00239	0.00022	0.00228	0.00445	   Digraph	050	251	       bin	
0.00152	0.00007	0.00147	0.00190	   Digraph	050	251	       vec	
0.00206	0.00009	0.00196	0.00248	   Digraph	050	252	      fibo	
0.00231	0.00002	0.00224	0.00237	   Digraph	050	252	       bin	
0.00152	0.00021	0.00145	0.00360	   Digraph	050	252	       vec	
0.00209	0.00008	0.00200	0.00241	   Digraph	050	253	      fibo	
0.00221	0.00002	0.00215	0.00226	   Digraph	050	253	       bin	
0.00148	0.00004	0.00143	0.00155	   Digraph	050	253	       vec	
0.00208	0.00023	0.00193	0.00407	   Digraph	050	254	      fibo	
0.00231	0.00006	0.00221	0.00268	   Digraph	050	254	       bin	
0.00149	0.00004	0.00145	0.00165	   Digraph	050	254	       vec	
0.00226	0.00023	0.00212	0.00419	   Digraph	050	255	      fibo	
0.00234	0.00005	0.00226	0.00267	   Digraph	050	255	       bin	
0.00151	0.00006	0.00145	0.00190	   Digraph	050	255	       vec	
0.00206	0.00008	0.00196	0.00250	   Digraph	050	256	      fibo	
0.00235	0.00020	0.00227	0.00433	   Digraph	050	256	       bin	
0.00151	0.00004	0.00146	0.00159	   Digraph	050	256	       vec	
0.00213	0.00007	0.00204	0.00239	   Digraph	050	257	      fibo	
0.00240	0.00021	0.00229	0.00448	   Digraph	050	257	       bin	
0.00153	0.00006	0.00147	0.00196	   Digraph	050	257	       vec	
0.00214	0.00011	0.00202	0.00266	   Digraph	050	258	      fibo	
0.00232	0.00002	0.00225	0.00235	   Digraph	050	258	       bin	
0.00153	0.00022	0.00146	0.00364	   Digraph	050	258	       vec	
0.00214	0.00007	0.00203	0.00239	   Digraph	050	259	      fibo	
0.00229	0.00002	0.00222	0.00236	   Digraph	050	259	       bin	
0.00151	0.00004	0.00147	0.00159	   Digraph	050	259	       vec	
0.00216	0.00027	0.00203	0.00472	   Digraph	050	260	      fibo	
0.00233	0.00002	0.00226	0.00238	   Digraph	050	260	       bin	
0.00152	0.00004	0.00147	0.00158	   Digraph	050	260	       vec	
0.00220	0.00023	0.00206	0.00421	   Digraph	050	261	      fibo	
0.00228	0.00002	0.00221	0.00233	   Digraph	050	261	       bin	
0.00152	0.00004	0.00147	0.00160	   Digraph	050	261	       vec	
0.00211	0.00008	0.00201	0.00253	   Digraph	050	262	      fibo	
0.00229	0.00020	0.00220	0.00427	   Digraph	050	262	       bin	
0.00150	0.00004	0.00145	0.00158	   Digraph	050	262	       vec	
0.00221	0.00008	0.00209	0.00255	   Digraph	050	263	      fibo	
0.00246	0.00023	0.00237	0.00473	   Digraph	050	263	       bin	
0.00156	0.00005	0.00150	0.00190	   Digraph	050	263	       vec	
0.00211	0.00008	0.00201	0.00240	   Digraph	050	264	      fibo	
0.00235	0.00002	0.00228	0.00241	   Digraph	050	264	       bin	
0.00153	0.00022	0.00147	0.00369	   Digraph	050	264	       vec	
0.00217	0.00007	0.00207	0.00241	   Digraph	050	265	      fibo	
0.00235	0.00003	0.00228	0.00239	   Digraph	050	265	       bin	
0.00153	0.00003	0.00148	0.00159	   Digraph	050	265	       vec	
0.00213	0.00023	0.00203	0.00425	   Digraph	050	266	      fibo	
0.00225	0.00002	0.00217	0.00231	   Digraph	050	266	       bin	
0.00150	0.00004	0.00146	0.00158	   Digraph	050	266	       vec	
0.00224	0.00028	0.00211	0.00442	   Digraph	050	267	      fibo	
0.00236	0.00002	0.00227	0.00240	   Digraph	050	267	       bin	
0.00154	0.00005	0.00149	0.00164	   Digraph	050	267	       vec	
0.00210	0.00024	0.00197	0.00443	   Digraph	050	268	      fibo	
0.00225	0.00003	0.00217	0.00229	   Digraph	050	268	       bin	
0.00150	0.00004	0.00145	0.00163	   Digraph	050	268	       vec	
0.00215	0.00021	0.00202	0.00417	   Digraph	050	269	      fibo	
0.00241	0.00004	0.00230	0.00245	   Digraph	050	269	       bin	
0.00154	0.00004	0.00149	0.00166	   Digraph	050	269	       vec	
0.00234	0.00035	0.00212	0.00444	   Digraph	050	270	      fibo	
0.00245	0.00003	0.00238	0.00251	   Digraph	050	270	       bin	
0.00157	0.00012	0.00149	0.00220	   Digraph	050	270	       vec	
0.00212	0.00012	0.00201	0.00276	   Digraph	050	271	      fibo	
0.00235	0.00022	0.00224	0.00440	   Digraph	050	271	       bin	
0.00153	0.00005	0.00148	0.00163	   Digraph	050	271	       vec	
0.00217	0.00007	0.00207	0.00263	   Digraph	050	272	      fibo	
0.00243	0.00020	0.00233	0.00441	   Digraph	050	272	       bin	
0.00158	0.00010	0.00151	0.00207	   Digraph	050	272	       vec	
0.00218	0.00010	0.00207	0.00255	   Digraph	050	273	      fibo	
0.00235	0.00021	0.00226	0.00436	   Digraph	050	273	       bin	
0.00153	0.00006	0.00146	0.00165	   Digraph	050	273	       vec	
0.00221	0.00007	0.00213	0.00254	   Digraph	050	274	      fibo	
0.00244	0.00022	0.00233	0.00456	   Digraph	050	274	       bin	
0.00155	0.00006	0.00149	0.00189	   Digraph	050	274	       vec	
0.00206	0.00006	0.00199	0.00236	   Digraph	050	275	      fibo	
0.00238	0.00022	0.00228	0.00450	   Digraph	050	275	       bin	
0.00152	0.00005	0.00147	0.00163	   Digraph	050	275	       vec	
0.00220	0.00007	0.00211	0.00273	   Digraph	050	276	      fibo	
0.00242	0.00021	0.00233	0.00452	   Digraph	050	276	       bin	
0.00154	0.00006	0.00147	0.00164	   Digraph	050	276	       vec	
0.00212	0.00006	0.00205	0.00246	   Digraph	050	277	      fibo	
0.00245	0.00022	0.00237	0.00459	   Digraph	050	277	       bin	
0.00155	0.00005	0.00148	0.00165	   Digraph	050	277	       vec	
0.00217	0.00011	0.00206	0.00302	   Digraph	050	278	      fibo	
0.00241	0.00002	0.00234	0.00247	   Digraph	050	278	       bin	
0.00155	0.00005	0.00150	0.00174	   Digraph	050	278	       vec	
0.00208	0.00005	0.00200	0.00236	   Digraph	050	279	      fibo	
0.00229	0.00002	0.00222	0.00244	   Digraph	050	279	       bin	
0.00156	0.00022	0.00148	0.00365	   Digraph	050	279	       vec	
0.00220	0.00006	0.00211	0.00247	   Digraph	050	280	      fibo	
0.00242	0.00003	0.00234	0.00248	   Digraph	050	280	       bin	
0.00159	0.00022	0.00151	0.00372	   Digraph	050	280	       vec	
0.00217	0.00006	0.00209	0.00242	   Digraph	050	281	      fibo	
0.00244	0.00003	0.00235	0.00251	   Digraph	050	281	       bin	
0.00159	0.00022	0.00151	0.00374	   Digraph	050	281	       vec	
0.00221	0.00007	0.00214	0.00259	   Digraph	050	282	      fibo	
0.00242	0.00003	0.00234	0.00247	   Digraph	050	282	       bin	
0.00157	0.00005	0.00152	0.00166	   Digraph	050	282	       vec	
0.00218	0.00008	0.00210	0.00263	   Digraph	050	283	      fibo	
0.00237	0.00003	0.00228	0.00242	   Digraph	050	283	       bin	
0.00154	0.00007	0.00148	0.00197	   Digraph	050	283	       vec	
0.00221	0.00006	0.00214	0.00252	   Digraph	050	284	      fibo	
0.00249	0.00002	0.00241	0.00252	   Digraph	050	284	       bin	
0.00159	0.00006	0.00153	0.00168	   Digraph	050	284	       vec	
0.00218	0.00006	0.00210	0.00256	   Digraph	050	285	      fibo	
0.00242	0.00002	0.00237	0.00246	   Digraph	050	285	       bin	
0.00158	0.00006	0.00151	0.00168	   Digraph	050	285	       vec	
0.00220	0.00021	0.00210	0.00415	   Digraph	050	286	      fibo	
0.00239	0.00002	0.00231	0.00243	   Digraph	050	286	       bin	
0.00157	0.00006	0.00151	0.00166	   Digraph	050	286	       vec	
0.00219	0.00036	0.00208	0.00519	   Digraph	050	287	      fibo	
0.00245	0.00002	0.00237	0.00249	   Digraph	050	287	       bin	
0.00155	0.00005	0.00150	0.00167	   Digraph	050	287	       vec	
0.00225	0.00023	0.00216	0.00447	   Digraph	050	288	      fibo	
0.00242	0.00002	0.00234	0.00253	   Digraph	050	288	       bin	
0.00157	0.00005	0.00151	0.00167	   Digraph	050	288	       vec	
0.00217	0.00022	0.00207	0.00431	   Digraph	050	289	      fibo	
0.00233	0.00002	0.00227	0.00237	   Digraph	050	289	       bin	
0.00157	0.00005	0.00151	0.00168	   Digraph	050	289	       vec	
0.00220	0.00022	0.00209	0.00428	   Digraph	050	290	      fibo	
0.00238	0.00002	0.00231	0.00242	   Digraph	050	290	       bin	
0.00155	0.00005	0.00149	0.00166	   Digraph	050	290	       vec	
0.00216	0.00022	0.00206	0.00422	   Digraph	050	291	      fibo	
0.00234	0.00002	0.00226	0.00237	   Digraph	050	291	       bin	
0.00156	0.00006	0.00149	0.00169	   Digraph	050	291	       vec	
0.00217	0.00021	0.00208	0.00419	   Digraph	050	292	      fibo	
0.00230	0.00002	0.00221	0.00234	   Digraph	050	292	       bin	
0.00153	0.00006	0.00147	0.00164	   Digraph	050	292	       vec	
0.00223	0.00021	0.00214	0.00424	   Digraph	050	293	      fibo	
0.00237	0.00002	0.00230	0.00241	   Digraph	050	293	       bin	
0.00157	0.00005	0.00151	0.00167	   Digraph	050	293	       vec	
0.00218	0.00021	0.00208	0.00422	   Digraph	050	294	      fibo	
0.00241	0.00002	0.00233	0.00246	   Digraph	050	294	       bin	
0.00156	0.00005	0.00151	0.00166	   Digraph	050	294	       vec	
0.00231	0.00022	0.00220	0.00442	   Digraph	050	295	      fibo	
0.00254	0.00003	0.00248	0.00266	   Digraph	050	295	       bin	
0.00161	0.00007	0.00154	0.00200	   Digraph	050	295	       vec	
0.00220	0.00022	0.00209	0.00432	   Digraph	050	296	      fibo	
0.00232	0.00005	0.00223	0.00269	   Digraph	050	296	       bin	
0.00156	0.00006	0.00149	0.00179	   Digraph	050	296	       vec	
0.00215	0.00006	0.00208	0.00240	   Digraph	050	297	      fibo	
0.00243	0.00020	0.00232	0.00444	   Digraph	050	297	       bin	
0.00158	0.00006	0.00152	0.00171	   Digraph	050	297	       vec	
0.00221	0.00008	0.00214	0.00274	   Digraph	050	298	      fibo	
0.00246	0.00021	0.00236	0.00449	   Digraph	050	298	       bin	
0.00158	0.00006	0.00153	0.00170	   Digraph	050	298	       vec	
0.00223	0.00006	0.00218	0.00260	   Digraph	050	299	      fibo	
0.00250	0.00021	0.00239	0.00458	   Digraph	050	299	       bin	
0.00159	0.00006	0.00152	0.00169	   Digraph	050	299	       vec	
0.00221	0.00007	0.00213	0.00260	   Digraph	050	300	      fibo	
0.00250	0.00021	0.00239	0.00456	   Digraph	050	300	       bin	
0.00157	0.00006	0.00152	0.00168	   Digraph	050	300	       vec	
0.00217	0.00006	0.00209	0.00241	   Digraph	050	301	      fibo	
0.00249	0.00021	0.00238	0.00454	   Digraph	050	301	       bin	
0.00157	0.00006	0.00151	0.00168	   Digraph	050	301	       vec	
0.00222	0.00006	0.00214	0.00258	   Digraph	050	302	      fibo	
0.00248	0.00021	0.00237	0.00453	   Digraph	050	302	       bin	
0.00160	0.00006	0.00153	0.00170	   Digraph	050	302	       vec	
0.00226	0.00008	0.00216	0.00283	   Digraph	050	303	      fibo	
0.00248	0.00021	0.00238	0.00457	   Digraph	050	303	       bin	
0.00158	0.00006	0.00151	0.00168	   Digraph	050	303	       vec	
0.00223	0.00006	0.00214	0.00252	   Digraph	050	304	      fibo	
0.00245	0.00022	0.00237	0.00460	   Digraph	050	304	       bin	
0.00159	0.00006	0.00153	0.00169	   Digraph	050	304	       vec	
0.00220	0.00015	0.00209	0.00302	   Digraph	050	305	      fibo	
0.00246	0.00024	0.00232	0.00456	   Digraph	050	305	       bin	
0.00159	0.00007	0.00151	0.00190	   Digraph	050	305	       vec	
0.00225	0.00009	0.00216	0.00279	   Digraph	050	306	      fibo	
0.00246	0.00022	0.00235	0.00462	   Digraph	050	306	       bin	
0.00157	0.00006	0.00151	0.00169	   Digraph	050	306	       vec	
0.00222	0.00006	0.00215	0.00255	   Digraph	050	307	      fibo	
0.00240	0.00022	0.00229	0.00446	   Digraph	050	307	       bin	
0.00157	0.00006	0.00151	0.00169	   Digraph	050	307	       vec	
0.00220	0.00007	0.00211	0.00250	   Digraph	050	308	      fibo	
0.00245	0.00023	0.00232	0.00451	   Digraph	050	308	       bin	
0.00158	0.00007	0.00151	0.00178	   Digraph	050	308	       vec	
0.00224	0.00007	0.00216	0.00261	   Digraph	050	309	      fibo	
0.00243	0.00002	0.00237	0.00253	   Digraph	050	309	       bin	
0.00159	0.00009	0.00152	0.00202	   Digraph	050	309	       vec	
0.00221	0.00007	0.00213	0.00251	   Digraph	050	310	      fibo	
0.00241	0.00003	0.00235	0.00245	   Digraph	050	310	       bin	
0.00158	0.00021	0.00151	0.00363	   Digraph	050	310	       vec	
0.00232	0.00012	0.00224	0.00340	   Digraph	050	311	      fibo	
0.00251	0.00002	0.00243	0.00255	   Digraph	050	311	       bin	
0.00188	0.00323	0.00154	0.03398	   Digraph	050	311	       vec	
0.00215	0.00005	0.00212	0.00243	   Digraph	050	312	      fibo	
0.00245	0.00003	0.00243	0.00261	   Digraph	050	312	       bin	
0.00159	0.00022	0.00153	0.00378	   Digraph	050	312	       vec	
0.00215	0.00005	0.00208	0.00233	   Digraph	050	313	      fibo	
0.00236	0.00009	0.00227	0.00310	   Digraph	050	313	       bin	
0.00160	0.00022	0.00151	0.00372	   Digraph	050	313	       vec	
0.00216	0.00005	0.00209	0.00237	   Digraph	050	314	      fibo	
0.00242	0.00002	0.00234	0.00246	   Digraph	050	314	       bin	
0.00160	0.00022	0.00152	0.00367	   Digraph	050	314	       vec	
0.00222	0.00006	0.00213	0.00245	   Digraph	050	315	      fibo	
0.00242	0.00008	0.00232	0.00282	   Digraph	050	315	       bin	
0.00158	0.00006	0.00152	0.00186	   Digraph	050	315	       vec	
0.00223	0.00020	0.00212	0.00416	   Digraph	050	316	      fibo	
0.00250	0.00022	0.00240	0.00454	   Digraph	050	316	       bin	
0.00159	0.00007	0.00153	0.00199	   Digraph	050	316	       vec	
0.00224	0.00005	0.00217	0.00247	   Digraph	050	317	      fibo	
0.00240	0.00021	0.00230	0.00450	   Digraph	050	317	       bin	
0.00158	0.00006	0.00152	0.00169	   Digraph	050	317	       vec	
0.00217	0.00007	0.00210	0.00266	   Digraph	050	318	      fibo	
0.00244	0.00022	0.00232	0.00451	   Digraph	050	318	       bin	
0.00160	0.00009	0.00153	0.00205	   Digraph	050	318	       vec	
0.00221	0.00007	0.00212	0.00267	   Digraph	050	319	      fibo	
0.00240	0.00022	0.00227	0.00445	   Digraph	050	319	       bin	
0.00158	0.00008	0.00152	0.00200	   Digraph	050	319	       vec	
0.00218	0.00007	0.00210	0.00248	   Digraph	050	320	      fibo	
0.00245	0.00021	0.00234	0.00450	   Digraph	050	320	       bin	
0.00160	0.00006	0.00153	0.00170	   Digraph	050	320	       vec	
0.00224	0.00006	0.00215	0.00248	   Digraph	050	321	      fibo	
0.00253	0.00022	0.00244	0.00468	   Digraph	050	321	       bin	
0.00161	0.00006	0.00155	0.00180	   Digraph	050	321	       vec	
0.00228	0.00006	0.00220	0.00250	   Digraph	050	322	      fibo	
0.00246	0.00021	0.00236	0.00454	   Digraph	050	322	       bin	
0.00160	0.00006	0.00154	0.00172	   Digraph	050	322	       vec	
0.00227	0.00005	0.00220	0.00259	   Digraph	050	323	      fibo	
0.00251	0.00022	0.00241	0.00467	   Digraph	050	323	       bin	
0.00161	0.00006	0.00155	0.00183	   Digraph	050	323	       vec	
0.00236	0.00013	0.00223	0.00307	   Digraph	050	324	      fibo	
0.00259	0.00022	0.00245	0.00471	   Digraph	050	324	       bin	
0.00163	0.00007	0.00157	0.00181	   Digraph	050	324	       vec	
0.00230	0.00006	0.00222	0.00259	   Digraph	050	325	      fibo	
0.00249	0.00021	0.00240	0.00451	   Digraph	050	325	       bin	
0.00160	0.00006	0.00155	0.00174	   Digraph	050	325	       vec	
0.00222	0.00007	0.00214	0.00261	   Digraph	050	326	      fibo	
0.00250	0.00021	0.00240	0.00455	   Digraph	050	326	       bin	
0.00161	0.00006	0.00154	0.00173	   Digraph	050	326	       vec	
0.00219	0.00006	0.00212	0.00255	   Digraph	050	327	      fibo	
0.00247	0.00020	0.00237	0.00447	   Digraph	050	327	       bin	
0.00161	0.00006	0.00154	0.00172	   Digraph	050	327	       vec	
0.00221	0.00005	0.00214	0.00245	   Digraph	050	328	      fibo	
0.00246	0.00020	0.00237	0.00448	   Digraph	050	328	       bin	
0.00160	0.00006	0.00154	0.00172	   Digraph	050	328	       vec	
0.00215	0.00005	0.00208	0.00234	   Digraph	050	329	      fibo	
0.00240	0.00021	0.00231	0.00445	   Digraph	050	329	       bin	
0.00158	0.00006	0.00152	0.00170	   Digraph	050	329	       vec	
0.00215	0.00006	0.00209	0.00241	   Digraph	050	330	      fibo	
0.00252	0.00021	0.00241	0.00462	   Digraph	050	330	       bin	
0.00164	0.00010	0.00154	0.00204	   Digraph	050	330	       vec	
0.00227	0.00011	0.00216	0.00283	   Digraph	050	331	      fibo	
0.00254	0.00021	0.00244	0.00454	   Digraph	050	331	       bin	
0.00161	0.00006	0.00154	0.00174	   Digraph	050	331	       vec	
0.00218	0.00007	0.00210	0.00264	   Digraph	050	332	      fibo	
0.00244	0.00023	0.00232	0.00453	   Digraph	050	332	       bin	
0.00158	0.00006	0.00153	0.00171	   Digraph	050	332	       vec	
0.00230	0.00004	0.00223	0.00249	   Digraph	050	333	      fibo	
0.00254	0.00002	0.00247	0.00260	   Digraph	050	333	       bin	
0.00163	0.00006	0.00157	0.00175	   Digraph	050	333	       vec	
0.00228	0.00023	0.00218	0.00444	   Digraph	050	334	      fibo	
0.00250	0.00004	0.00242	0.00279	   Digraph	050	334	       bin	
0.00162	0.00006	0.00156	0.00173	   Digraph	050	334	       vec	
0.00224	0.00022	0.00214	0.00428	   Digraph	050	335	      fibo	
0.00247	0.00004	0.00240	0.00283	   Digraph	050	335	       bin	
0.00163	0.00006	0.00156	0.00174	   Digraph	050	335	       vec	
0.00236	0.00022	0.00226	0.00445	   Digraph	050	336	      fibo	
0.00253	0.00003	0.00247	0.00262	   Digraph	050	336	       bin	
0.00161	0.00005	0.00156	0.00173	   Digraph	050	336	       vec	
0.00229	0.00022	0.00219	0.00443	   Digraph	050	337	      fibo	
0.00254	0.00002	0.00247	0.00260	   Digraph	050	337	       bin	
0.00163	0.00006	0.00157	0.00176	   Digraph	050	337	       vec	
0.00219	0.00022	0.00207	0.00426	   Digraph	050	338	      fibo	
0.00246	0.00003	0.00238	0.00273	   Digraph	050	338	       bin	
0.00161	0.00006	0.00155	0.00171	   Digraph	050	338	       vec	
0.00234	0.00022	0.00222	0.00441	   Digraph	050	339	      fibo	
0.00244	0.00005	0.00236	0.00281	   Digraph	050	339	       bin	
0.00159	0.00006	0.00154	0.00171	   Digraph	050	339	       vec	
0.00233	0.00023	0.00219	0.00436	   Digraph	050	340	      fibo	
0.00243	0.00003	0.00235	0.00250	   Digraph	050	340	       bin	
0.00162	0.00010	0.00155	0.00239	   Digraph	050	340	       vec	
0.00232	0.00022	0.00221	0.00438	   Digraph	050	341	      fibo	
0.00259	0.00007	0.00247	0.00293	   Digraph	050	341	       bin	
0.00161	0.00006	0.00156	0.00176	   Digraph	050	341	       vec	
0.00221	0.00022	0.00211	0.00429	   Digraph	050	342	      fibo	
0.00242	0.00003	0.00235	0.00250	   Digraph	050	342	       bin	
0.00159	0.00006	0.00154	0.00173	   Digraph	050	342	       vec	
0.00218	0.00024	0.00207	0.00435	   Digraph	050	343	      fibo	
0.00238	0.00002	0.00231	0.00241	   Digraph	050	343	       bin	
0.00161	0.00006	0.00154	0.00173	   Digraph	050	343	       vec	
0.00223	0.00023	0.00212	0.00441	   Digraph	050	344	      fibo	
0.00251	0.00003	0.00243	0.00256	   Digraph	050	344	       bin	
0.00162	0.00006	0.00156	0.00173	   Digraph	050	344	       vec	
0.00227	0.00036	0.00216	0.00577	   Digraph	050	345	      fibo	
0.00256	0.00002	0.00248	0.00263	   Digraph	050	345	       bin	
0.00163	0.00006	0.00157	0.00177	   Digraph	050	345	       vec	
0.00227	0.00021	0.00216	0.00427	   Digraph	050	346	      fibo	
0.00244	0.00002	0.00237	0.00250	   Digraph	050	346	       bin	
0.00162	0.00006	0.00156	0.00174	   Digraph	050	346	       vec	
0.00229	0.00005	0.00221	0.00249	   Digraph	050	347	      fibo	
0.00257	0.00002	0.00249	0.00264	   Digraph	050	347	       bin	
0.00163	0.00005	0.00158	0.00175	   Digraph	050	347	       vec	
0.00230	0.00005	0.00222	0.00248	   Digraph	050	348	      fibo	
0.00251	0.00003	0.00244	0.00258	   Digraph	050	348	       bin	
0.00163	0.00021	0.00156	0.00368	   Digraph	050	348	       vec	
0.00226	0.00020	0.00216	0.00413	   Digraph	050	349	      fibo	
0.00246	0.00003	0.00238	0.00255	   Digraph	050	349	       bin	
0.00163	0.00022	0.00156	0.00375	   Digraph	050	349	       vec	
0.00218	0.00006	0.00210	0.00245	   Digraph	050	350	      fibo	
0.00253	0.00004	0.00244	0.00276	   Digraph	050	350	       bin	
0.00162	0.00005	0.00158	0.00177	   Digraph	050	350	       vec	
0.00237	0.00006	0.00228	0.00270	   Digraph	050	351	      fibo	
0.00268	0.00021	0.00256	0.00472	   Digraph	050	351	       bin	
0.00164	0.00005	0.00159	0.00177	   Digraph	050	351	       vec	
0.00230	0.00007	0.00221	0.00268	   Digraph	050	352	      fibo	
0.00257	0.00021	0.00246	0.00460	   Digraph	050	352	       bin	
0.00163	0.00005	0.00158	0.00179	   Digraph	050	352	       vec	
0.00231	0.00007	0.00220	0.00274	   Digraph	050	353	      fibo	
0.00258	0.00021	0.00246	0.00464	   Digraph	050	353	       bin	
0.00164	0.00005	0.00159	0.00178	   Digraph	050	353	       vec	
0.00225	0.00007	0.00215	0.00268	   Digraph	050	354	      fibo	
0.00254	0.00020	0.00243	0.00455	   Digraph	050	354	       bin	
0.00162	0.00005	0.00157	0.00174	   Digraph	050	354	       vec	
0.00224	0.00007	0.00215	0.00263	   Digraph	050	355	      fibo	
0.00247	0.00003	0.00238	0.00252	   Digraph	050	355	       bin	
0.00161	0.00006	0.00156	0.00175	   Digraph	050	355	       vec	
0.00237	0.00022	0.00228	0.00435	   Digraph	050	356	      fibo	
0.00257	0.00003	0.00249	0.00262	   Digraph	050	356	       bin	
0.00164	0.00005	0.00160	0.00181	   Digraph	050	356	       vec	
0.00238	0.00028	0.00222	0.00485	   Digraph	050	357	      fibo	
0.00249	0.00009	0.00235	0.00290	   Digraph	050	357	       bin	
0.00162	0.00005	0.00158	0.00177	   Digraph	050	357	       vec	
0.00225	0.00021	0.00215	0.00429	   Digraph	050	358	      fibo	
0.00248	0.00003	0.00239	0.00259	   Digraph	050	358	       bin	
0.00162	0.00007	0.00156	0.00204	   Digraph	050	358	       vec	
0.00241	0.00025	0.00228	0.00463	   Digraph	050	359	      fibo	
0.00262	0.00009	0.00250	0.00301	   Digraph	050	359	       bin	
0.00165	0.00007	0.00160	0.00209	   Digraph	050	359	       vec	
0.00228	0.00023	0.00217	0.00447	   Digraph	050	360	      fibo	
0.00248	0.00007	0.00238	0.00283	   Digraph	050	360	       bin	
0.00164	0.00005	0.00159	0.00176	   Digraph	050	360	       vec	
0.00242	0.00021	0.00230	0.00440	   Digraph	050	361	      fibo	
0.00261	0.00008	0.00252	0.00301	   Digraph	050	361	       bin	
0.00167	0.00008	0.00161	0.00208	   Digraph	050	361	       vec	
0.00236	0.00006	0.00227	0.00268	   Digraph	050	362	      fibo	
0.00252	0.00003	0.00243	0.00260	   Digraph	050	362	       bin	
0.00166	0.00021	0.00159	0.00369	   Digraph	050	362	       vec	
0.00231	0.00005	0.00224	0.00257	   Digraph	050	363	      fibo	
0.00253	0.00003	0.00245	0.00265	   Digraph	050	363	       bin	
0.00166	0.00021	0.00160	0.00369	   Digraph	050	363	       vec	
0.00221	0.00005	0.00214	0.00250	   Digraph	050	364	      fibo	
0.00252	0.00022	0.00242	0.00466	   Digraph	050	364	       bin	
0.00162	0.00005	0.00157	0.00173	   Digraph	050	364	       vec	
0.00232	0.00006	0.00224	0.00255	   Digraph	050	365	      fibo	
0.00262	0.00021	0.00253	0.00466	   Digraph	050	365	       bin	
0.00165	0.00005	0.00161	0.00179	   Digraph	050	365	       vec	
0.00245	0.00023	0.00229	0.00436	   Digraph	050	366	      fibo	
0.00264	0.00011	0.00252	0.00331	   Digraph	050	366	       bin	
0.00165	0.00007	0.00159	0.00199	   Digraph	050	366	       vec	
0.00237	0.00006	0.00229	0.00268	   Digraph	050	367	      fibo	
0.00267	0.00021	0.00257	0.00476	   Digraph	050	367	       bin	
0.00165	0.00004	0.00161	0.00179	   Digraph	050	367	       vec	
0.00232	0.00005	0.00223	0.00255	   Digraph	050	368	      fibo	
0.00257	0.00003	0.00250	0.00267	   Digraph	050	368	       bin	
0.00164	0.00005	0.00160	0.00178	   Digraph	050	368	       vec	
0.00229	0.00021	0.00221	0.00431	   Digraph	050	369	      fibo	
0.00245	0.00003	0.00236	0.00254	   Digraph	050	369	       bin	
0.00163	0.00005	0.00158	0.00180	   Digraph	050	369	       vec	
0.00229	0.00021	0.00218	0.00434	   Digraph	050	370	      fibo	
0.00252	0.00003	0.00245	0.00261	   Digraph	050	370	       bin	
0.00163	0.00005	0.00158	0.00180	   Digraph	050	370	       vec	
0.00237	0.00021	0.00227	0.00439	   Digraph	050	371	      fibo	
0.00264	0.00003	0.00255	0.00281	   Digraph	050	371	       bin	
0.00166	0.00005	0.00161	0.00179	   Digraph	050	371	       vec	
0.00239	0.00022	0.00228	0.00452	   Digraph	050	372	      fibo	
0.00264	0.00003	0.00256	0.00270	   Digraph	050	372	       bin	
0.00164	0.00004	0.00160	0.00177	   Digraph	050	372	       vec	
0.00234	0.00030	0.00221	0.00527	   Digraph	050	373	      fibo	
0.00256	0.00003	0.00248	0.00265	   Digraph	050	373	       bin	
0.00166	0.00005	0.00160	0.00183	   Digraph	050	373	       vec	
0.00235	0.00009	0.00225	0.00311	   Digraph	050	374	      fibo	
0.00262	0.00003	0.00254	0.00270	   Digraph	050	374	       bin	
0.00169	0.00022	0.00161	0.00380	   Digraph	050	374	       vec	
0.00235	0.00006	0.00226	0.00263	   Digraph	050	375	      fibo	
0.00253	0.00003	0.00245	0.00263	   Digraph	050	375	       bin	
0.00166	0.00022	0.00159	0.00381	   Digraph	050	375	       vec	
0.00235	0.00005	0.00226	0.00259	   Digraph	050	376	      fibo	
0.00267	0.00022	0.00255	0.00481	   Digraph	050	376	       bin	
0.00167	0.00005	0.00162	0.00180	   Digraph	050	376	       vec	
0.00229	0.00006	0.00217	0.00261	   Digraph	050	377	      fibo	
0.00255	0.00022	0.00245	0.00468	   Digraph	050	377	       bin	
0.00163	0.00005	0.00159	0.00181	   Digraph	050	377	       vec	
0.00233	0.00006	0.00222	0.00262	   Digraph	050	378	      fibo	
0.00259	0.00021	0.00249	0.00467	   Digraph	050	378	       bin	
0.00165	0.00005	0.00160	0.00180	   Digraph	050	378	       vec	
0.00230	0.00007	0.00219	0.00260	   Digraph	050	379	      fibo	
0.00261	0.00021	0.00249	0.00464	   Digraph	050	379	       bin	
0.00165	0.00005	0.00160	0.00179	   Digraph	050	379	       vec	
0.00232	0.00016	0.00217	0.00316	   Digraph	050	380	      fibo	
0.00254	0.00022	0.00240	0.00458	   Digraph	050	380	       bin	
0.00164	0.00006	0.00158	0.00181	   Digraph	050	380	       vec	
0.00228	0.00023	0.00218	0.00445	   Digraph	050	381	      fibo	
0.00251	0.00009	0.00240	0.00284	   Digraph	050	381	       bin	
0.00166	0.00007	0.00160	0.00209	   Digraph	050	381	       vec	
0.00236	0.00022	0.00222	0.00428	   Digraph	050	382	      fibo	
0.00253	0.00004	0.00244	0.00263	   Digraph	050	382	       bin	
0.00164	0.00005	0.00160	0.00184	   Digraph	050	382	       vec	
0.00243	0.00022	0.00232	0.00447	   Digraph	050	383	      fibo	
0.00274	0.00003	0.00265	0.00282	   Digraph	050	383	       bin	
0.00169	0.00005	0.00164	0.00185	   Digraph	050	383	       vec	
0.00231	0.00022	0.00220	0.00443	   Digraph	050	384	      fibo	
0.00255	0.00003	0.00248	0.00263	   Digraph	050	384	       bin	
0.00165	0.00005	0.00160	0.00180	   Digraph	050	384	       vec	
0.00227	0.00006	0.00224	0.00277	   Digraph	050	385	      fibo	
0.00246	0.00003	0.00243	0.00263	   Digraph	050	385	       bin	
0.00167	0.00023	0.00161	0.00396	   Digraph	050	385	       vec	
0.00243	0.00006	0.00234	0.00271	   Digraph	050	386	      fibo	
0.00263	0.00022	0.00252	0.00475	   Digraph	050	386	       bin	
0.00164	0.00004	0.00161	0.00186	   Digraph	050	386	       vec	
0.00229	0.00006	0.00221	0.00259	   Digraph	050	387	      fibo	
0.00263	0.00021	0.00253	0.00468	   Digraph	050	387	       bin	
0.00165	0.00004	0.00161	0.00178	   Digraph	050	387	       vec	
0.00229	0.00010	0.00219	0.00310	   Digraph	050	388	      fibo	
0.00257	0.00021	0.00247	0.00460	   Digraph	050	388	       bin	
0.00164	0.00004	0.00159	0.00176	   Digraph	050	388	       vec	
0.00233	0.00021	0.00222	0.00441	   Digraph	050	389	      fibo	
0.00263	0.00004	0.00254	0.00271	   Digraph	050	389	       bin	
0.00164	0.00004	0.00160	0.00178	   Digraph	050	389	       vec	
0.00238	0.00020	0.00228	0.00436	   Digraph	050	390	      fibo	
0.00258	0.00004	0.00248	0.00266	   Digraph	050	390	       bin	
0.00166	0.00003	0.00161	0.00176	   Digraph	050	390	       vec	
0.00245	0.00022	0.00234	0.00451	   Digraph	050	391	      fibo	
0.00277	0.00003	0.00269	0.00285	   Digraph	050	391	       bin	
0.00168	0.00003	0.00165	0.00182	   Digraph	050	391	       vec	
0.00242	0.00021	0.00228	0.00439	   Digraph	050	392	      fibo	
0.00260	0.00003	0.00253	0.00269	   Digraph	050	392	       bin	
0.00165	0.00003	0.00162	0.00177	   Digraph	050	392	       vec	
0.00237	0.00008	0.00227	0.00266	   Digraph	050	393	      fibo	
0.00259	0.00004	0.00249	0.00273	   Digraph	050	393	       bin	
0.00168	0.00021	0.00162	0.00372	   Digraph	050	393	       vec	
0.00239	0.00005	0.00232	0.00262	   Digraph	050	394	      fibo	
0.00262	0.00022	0.00251	0.00477	   Digraph	050	394	       bin	
0.00166	0.00003	0.00162	0.00178	   Digraph	050	394	       vec	
0.00231	0.00006	0.00221	0.00263	   Digraph	050	395	      fibo	
0.00256	0.00022	0.00244	0.00462	   Digraph	050	395	       bin	
0.00165	0.00007	0.00160	0.00211	   Digraph	050	395	       vec	
0.00243	0.00009	0.00234	0.00283	   Digraph	050	396	      fibo	
0.00271	0.00021	0.00258	0.00471	   Digraph	050	396	       bin	
0.00169	0.00005	0.00165	0.00198	   Digraph	050	396	       vec	
0.00239	0.00022	0.00228	0.00449	   Digraph	050	397	      fibo	
0.00260	0.00009	0.00250	0.00336	   Digraph	050	397	       bin	
0.00167	0.00004	0.00163	0.00189	   Digraph	050	397	       vec	
0.00236	0.00010	0.00225	0.00297	   Digraph	050	398	      fibo	
0.00254	0.00005	0.00244	0.00276	   Digraph	050	398	       bin	
0.00163	0.00004	0.00159	0.00181	   Digraph	050	398	       vec	
0.00246	0.00025	0.00232	0.00478	   Digraph	050	399	      fibo	
0.00275	0.00004	0.00266	0.00292	   Digraph	050	399	       bin	
0.00168	0.00005	0.00164	0.00210	   Digraph	050	399	       vec	
0.00241	0.00022	0.00227	0.00434	   Digraph	050	400	      fibo	
0.00256	0.00005	0.00246	0.00280	   Digraph	050	400	       bin	
0.00167	0.00021	0.00161	0.00375	   Digraph	050	400	       vec	
0.00233	0.00007	0.00223	0.00264	   Digraph	050	401	      fibo	
0.00268	0.00005	0.00258	0.00290	   Digraph	050	401	       bin	
0.00169	0.00022	0.00163	0.00380	   Digraph	050	401	       vec	
0.00232	0.00006	0.00224	0.00258	   Digraph	050	402	      fibo	
0.00262	0.00022	0.00251	0.00472	   Digraph	050	402	       bin	
0.00167	0.00005	0.00163	0.00194	   Digraph	050	402	       vec	
0.00232	0.00007	0.00225	0.00283	   Digraph	050	403	      fibo	
0.00255	0.00021	0.00246	0.00460	   Digraph	050	403	       bin	
0.00165	0.00004	0.00161	0.00179	   Digraph	050	403	       vec	
0.00231	0.00005	0.00223	0.00253	   Digraph	050	404	      fibo	
0.00266	0.00021	0.00256	0.00469	   Digraph	050	404	       bin	
0.00167	0.00004	0.00163	0.00179	   Digraph	050	404	       vec	
0.00236	0.00021	0.00227	0.00443	   Digraph	050	405	      fibo	
0.00266	0.00003	0.00258	0.00277	   Digraph	050	405	       bin	
0.00168	0.00004	0.00164	0.00180	   Digraph	050	405	       vec	
0.00239	0.00022	0.00228	0.00447	   Digraph	050	406	      fibo	
0.00264	0.00003	0.00256	0.00272	   Digraph	050	406	       bin	
0.00166	0.00003	0.00163	0.00179	   Digraph	050	406	       vec	
0.00245	0.00024	0.00232	0.00467	   Digraph	050	407	      fibo	
0.00261	0.00003	0.00251	0.00270	   Digraph	050	407	       bin	
0.00166	0.00003	0.00163	0.00179	   Digraph	050	407	       vec	
0.00239	0.00008	0.00228	0.00288	   Digraph	050	408	      fibo	
0.00267	0.00015	0.00251	0.00329	   Digraph	050	408	       bin	
0.00168	0.00021	0.00162	0.00374	   Digraph	050	408	       vec	
0.00234	0.00012	0.00221	0.00297	   Digraph	050	409	      fibo	
0.00256	0.00006	0.00246	0.00299	   Digraph	050	409	       bin	
0.00167	0.00008	0.00163	0.00218	   Digraph	050	409	       vec	
0.00240	0.00013	0.00227	0.00300	   Digraph	050	410	      fibo	
0.00268	0.00021	0.00258	0.00470	   Digraph	050	410	       bin	
0.00168	0.00004	0.00165	0.00182	   Digraph	050	410	       vec	
0.00239	0.00005	0.00231	0.00257	   Digraph	050	411	      fibo	
0.00272	0.00020	0.00261	0.00472	   Digraph	050	411	       bin	
0.00169	0.00003	0.00165	0.00180	   Digraph	050	411	       vec	
0.00237	0.00021	0.00225	0.00440	   Digraph	050	412	      fibo	
0.00258	0.00003	0.00249	0.00266	   Digraph	050	412	       bin	
0.00166	0.00004	0.00162	0.00177	   Digraph	050	412	       vec	
0.00241	0.00022	0.00230	0.00445	   Digraph	050	413	      fibo	
0.00278	0.00003	0.00269	0.00287	   Digraph	050	413	       bin	
0.00171	0.00004	0.00167	0.00188	   Digraph	050	413	       vec	
0.00246	0.00023	0.00231	0.00441	   Digraph	050	414	      fibo	
0.00270	0.00009	0.00259	0.00314	   Digraph	050	414	       bin	
0.00170	0.00004	0.00166	0.00194	   Digraph	050	414	       vec	
0.00238	0.00033	0.00227	0.00558	   Digraph	050	415	      fibo	
0.00262	0.00007	0.00252	0.00302	   Digraph	050	415	       bin	
0.00168	0.00005	0.00164	0.00196	   Digraph	050	415	       vec	
0.00235	0.00005	0.00227	0.00264	   Digraph	050	416	      fibo	
0.00254	0.00003	0.00246	0.00266	   Digraph	050	416	       bin	
0.00165	0.00003	0.00162	0.00173	   Digraph	050	416	       vec	
0.00246	0.00006	0.00238	0.00276	   Digraph	050	417	      fibo	
0.00264	0.00022	0.00252	0.00480	   Digraph	050	417	       bin	
0.00169	0.00003	0.00166	0.00189	   Digraph	050	417	       vec	
0.00238	0.00006	0.00229	0.00264	   Digraph	050	418	      fibo	
0.00258	0.00021	0.00248	0.00457	   Digraph	050	418	       bin	
0.00167	0.00003	0.00164	0.00180	   Digraph	050	418	       vec	
0.00244	0.00007	0.00236	0.00284	   Digraph	050	419	      fibo	
0.00264	0.00004	0.00255	0.00276	   Digraph	050	419	       bin	
0.00170	0.00003	0.00166	0.00185	   Digraph	050	419	       vec	
0.00239	0.00020	0.00231	0.00436	   Digraph	050	420	      fibo	
0.00263	0.00004	0.00253	0.00273	   Digraph	050	420	       bin	
0.00167	0.00003	0.00163	0.00180	   Digraph	050	420	       vec	
0.00245	0.00022	0.00231	0.00453	   Digraph	050	421	      fibo	
0.00269	0.00003	0.00260	0.00278	   Digraph	050	421	       bin	
0.00169	0.00003	0.00166	0.00183	   Digraph	050	421	       vec	
0.00244	0.00031	0.00230	0.00549	   Digraph	050	422	      fibo	
0.00267	0.00003	0.00258	0.00277	   Digraph	050	422	       bin	
0.00169	0.00003	0.00166	0.00182	   Digraph	050	422	       vec	
0.00253	0.00013	0.00239	0.00302	   Digraph	050	423	      fibo	
0.00278	0.00009	0.00266	0.00322	   Digraph	050	423	       bin	
0.00175	0.00021	0.00168	0.00382	   Digraph	050	423	       vec	
0.00236	0.00009	0.00226	0.00276	   Digraph	050	424	      fibo	
0.00267	0.00023	0.00254	0.00479	   Digraph	050	424	       bin	
0.00171	0.00006	0.00166	0.00205	   Digraph	050	424	       vec	
0.00243	0.00005	0.00235	0.00272	   Digraph	050	425	      fibo	
0.00273	0.00004	0.00265	0.00287	   Digraph	050	425	       bin	
0.00171	0.00003	0.00167	0.00182	   Digraph	050	425	       vec	
0.00228	0.00005	0.00221	0.00252	   Digraph	050	426	      fibo	
0.00257	0.00021	0.00246	0.00460	   Digraph	050	426	       bin	
0.00167	0.00004	0.00163	0.00180	   Digraph	050	426	       vec	
0.00241	0.00022	0.00231	0.00445	   Digraph	050	427	      fibo	
0.00291	0.00302	0.00254	0.03293	   Digraph	050	427	       bin	
0.00167	0.00002	0.00164	0.00180	   Digraph	050	427	       vec	
0.00230	0.00005	0.00227	0.00258	   Digraph	050	428	      fibo	
0.00262	0.00022	0.00254	0.00479	   Digraph	050	428	       bin	
0.00169	0.00004	0.00164	0.00179	   Digraph	050	428	       vec	
0.00257	0.00022	0.00243	0.00466	   Digraph	050	429	      fibo	
0.00277	0.00003	0.00268	0.00284	   Digraph	050	429	       bin	
0.00174	0.00003	0.00170	0.00180	   Digraph	050	429	       vec	
0.00246	0.00021	0.00236	0.00444	   Digraph	050	430	      fibo	
0.00269	0.00004	0.00260	0.00283	   Digraph	050	430	       bin	
0.00170	0.00003	0.00166	0.00183	   Digraph	050	430	       vec	
0.00251	0.00005	0.00242	0.00276	   Digraph	050	431	      fibo	
0.00270	0.00003	0.00260	0.00280	   Digraph	050	431	       bin	
0.00171	0.00002	0.00168	0.00178	   Digraph	050	431	       vec	
0.00249	0.00006	0.00241	0.00276	   Digraph	050	432	      fibo	
0.00277	0.00012	0.00267	0.00354	   Digraph	050	432	       bin	
0.00174	0.00021	0.00168	0.00378	   Digraph	050	432	       vec	
0.00245	0.00008	0.00234	0.00285	   Digraph	050	433	      fibo	
0.00268	0.00022	0.00256	0.00476	   Digraph	050	433	       bin	
0.00170	0.00004	0.00166	0.00190	   Digraph	050	433	       vec	
0.00239	0.00005	0.00232	0.00261	   Digraph	050	434	      fibo	
0.00269	0.00020	0.00258	0.00468	   Digraph	050	434	       bin	
0.00171	0.00003	0.00167	0.00179	   Digraph	050	434	       vec	
0.00242	0.00022	0.00232	0.00449	   Digraph	050	435	      fibo	
0.00276	0.00004	0.00266	0.00290	   Digraph	050	435	       bin	
0.00171	0.00003	0.00166	0.00179	   Digraph	050	435	       vec	
0.00251	0.00021	0.00239	0.00454	   Digraph	050	436	      fibo	
0.00279	0.00004	0.00269	0.00293	   Digraph	050	436	       bin	
0.00174	0.00003	0.00170	0.00183	   Digraph	050	436	       vec	
0.00243	0.00031	0.00231	0.00545	   Digraph	050	437	      fibo	
0.00270	0.00003	0.00261	0.00278	   Digraph	050	437	       bin	
0.00171	0.00002	0.00168	0.00178	   Digraph	050	437	       vec	
0.00241	0.00007	0.00231	0.00281	   Digraph	050	438	      fibo	
0.00265	0.00004	0.00255	0.00276	   Digraph	050	438	       bin	
0.00169	0.00003	0.00165	0.00176	   Digraph	050	438	       vec	
0.00245	0.00006	0.00235	0.00278	   Digraph	050	439	      fibo	
0.00276	0.00021	0.00267	0.00478	   Digraph	050	439	       bin	
0.00171	0.00003	0.00167	0.00179	   Digraph	050	439	       vec	
0.00237	0.00007	0.00228	0.00270	   Digraph	050	440	      fibo	
0.00263	0.00021	0.00252	0.00465	   Digraph	050	440	       bin	
0.00170	0.00003	0.00166	0.00180	   Digraph	050	440	       vec	
0.00250	0.00022	0.00239	0.00455	   Digraph	050	441	      fibo	
0.00269	0.00003	0.00259	0.00279	   Digraph	050	441	       bin	
0.00170	0.00003	0.00166	0.00178	   Digraph	050	441	       vec	
0.00249	0.00025	0.00234	0.00470	   Digraph	050	442	      fibo	
0.00278	0.00008	0.00266	0.00322	   Digraph	050	442	       bin	
0.00173	0.00005	0.00169	0.00202	   Digraph	050	442	       vec	
0.00245	0.00023	0.00229	0.00440	   Digraph	050	443	      fibo	
0.00269	0.00003	0.00260	0.00284	   Digraph	050	443	       bin	
0.00174	0.00022	0.00168	0.00387	   Digraph	050	443	       vec	
0.00239	0.00010	0.00228	0.00312	   Digraph	050	444	      fibo	
0.00270	0.00005	0.00261	0.00305	   Digraph	050	444	       bin	
0.00170	0.00005	0.00166	0.00207	   Digraph	050	444	       vec	
0.00249	0.00010	0.00237	0.00319	   Digraph	050	445	      fibo	
0.00277	0.00022	0.00264	0.00483	   Digraph	050	445	       bin	
0.00170	0.00004	0.00167	0.00195	   Digraph	050	445	       vec	
0.00240	0.00007	0.00230	0.00281	   Digraph	050	446	      fibo	
0.00276	0.00021	0.00262	0.00472	   Digraph	050	446	       bin	
0.00173	0.00008	0.00168	0.00222	   Digraph	050	446	       vec	
0.00250	0.00024	0.00236	0.00461	   Digraph	050	447	      fibo	
0.00268	0.00009	0.00256	0.00301	   Digraph	050	447	       bin	
0.00172	0.00006	0.00167	0.00216	   Digraph	050	447	       vec	
0.00255	0.00024	0.00240	0.00470	   Digraph	050	448	      fibo	
0.00272	0.00007	0.00261	0.00307	   Digraph	050	448	       bin	
0.00173	0.00004	0.00169	0.00198	   Digraph	050	448	       vec	
0.00246	0.00008	0.00235	0.00279	   Digraph	050	449	      fibo	
0.00273	0.00005	0.00263	0.00303	   Digraph	050	449	       bin	
0.00175	0.00021	0.00169	0.00376	   Digraph	050	449	       vec	
0.00239	0.00009	0.00229	0.00280	   Digraph	050	450	      fibo	
0.00284	0.00023	0.00271	0.00496	   Digraph	050	450	       bin	
0.00172	0.00003	0.00168	0.00183	   Digraph	050	450	       vec	
0.00249	0.00006	0.00239	0.00282	   Digraph	050	451	      fibo	
0.00281	0.00021	0.00269	0.00483	   Digraph	050	451	       bin	
0.00174	0.00003	0.00169	0.00192	   Digraph	050	451	       vec	
0.00242	0.00022	0.00233	0.00453	   Digraph	050	452	      fibo	
0.00272	0.00005	0.00263	0.00295	   Digraph	050	452	       bin	
0.00171	0.00003	0.00167	0.00178	   Digraph	050	452	       vec	
0.00249	0.00021	0.00238	0.00450	   Digraph	050	453	      fibo	
0.00276	0.00004	0.00267	0.00287	   Digraph	050	453	       bin	
0.00174	0.00004	0.00170	0.00195	   Digraph	050	453	       vec	
0.00250	0.00032	0.00238	0.00561	   Digraph	050	454	      fibo	
0.00280	0.00004	0.00273	0.00299	   Digraph	050	454	       bin	
0.00175	0.00003	0.00172	0.00189	   Digraph	050	454	       vec	
0.00248	0.00030	0.00235	0.00540	   Digraph	050	455	      fibo	
0.00268	0.00006	0.00258	0.00303	   Digraph	050	455	       bin	
0.00173	0.00004	0.00169	0.00192	   Digraph	050	455	       vec	
0.00233	0.00007	0.00223	0.00276	   Digraph	050	456	      fibo	
0.00279	0.00023	0.00266	0.00476	   Digraph	050	456	       bin	
0.00174	0.00005	0.00169	0.00205	   Digraph	050	456	       vec	
0.00237	0.00020	0.00225	0.00424	   Digraph	050	457	      fibo	
0.00272	0.00021	0.00260	0.00474	   Digraph	050	457	       bin	
0.00173	0.00003	0.00169	0.00194	   Digraph	050	457	       vec	
0.00245	0.00022	0.00233	0.00450	   Digraph	050	458	      fibo	
0.00280	0.00009	0.00268	0.00317	   Digraph	050	458	       bin	
0.00174	0.00004	0.00170	0.00201	   Digraph	050	458	       vec	
0.00250	0.00023	0.00235	0.00456	   Digraph	050	459	      fibo	
0.00265	0.00005	0.00255	0.00293	   Digraph	050	459	       bin	
0.00174	0.00006	0.00169	0.00215	   Digraph	050	459	       vec	
0.00239	0.00022	0.00227	0.00436	   Digraph	050	460	      fibo	
0.00269	0.00003	0.00261	0.00289	   Digraph	050	460	       bin	
0.00172	0.00022	0.00166	0.00387	   Digraph	050	460	       vec	
0.00239	0.00009	0.00230	0.00307	   Digraph	050	461	      fibo	
0.00266	0.00023	0.00254	0.00482	   Digraph	050	461	       bin	
0.00171	0.00006	0.00167	0.00214	   Digraph	050	461	       vec	
0.00243	0.00009	0.00233	0.00316	   Digraph	050	462	      fibo	
0.00272	0.00021	0.00262	0.00476	   Digraph	050	462	       bin	
0.00171	0.00004	0.00167	0.00198	   Digraph	050	462	       vec	
0.00250	0.00023	0.00239	0.00465	   Digraph	050	463	      fibo	
0.00276	0.00004	0.00267	0.00283	   Digraph	050	463	       bin	
0.00176	0.00003	0.00171	0.00184	   Digraph	050	463	       vec	
0.00249	0.00021	0.00238	0.00453	   Digraph	050	464	      fibo	
0.00272	0.00003	0.00263	0.00280	   Digraph	050	464	       bin	
0.00176	0.00007	0.00171	0.00236	   Digraph	050	464	       vec	
0.00247	0.00026	0.00233	0.00503	   Digraph	050	465	      fibo	
0.00268	0.00003	0.00259	0.00276	   Digraph	050	465	       bin	
0.00173	0.00002	0.00169	0.00178	   Digraph	050	465	       vec	
0.00249	0.00006	0.00237	0.00280	   Digraph	050	466	      fibo	
0.00292	0.00012	0.00278	0.00334	   Digraph	050	466	       bin	
0.00180	0.00008	0.00174	0.00218	   Digraph	050	466	       vec	
0.00244	0.00009	0.00234	0.00282	   Digraph	050	467	      fibo	
0.00273	0.00022	0.00261	0.00485	   Digraph	050	467	       bin	
0.00175	0.00004	0.00171	0.00206	   Digraph	050	467	       vec	
0.00253	0.00005	0.00244	0.00278	   Digraph	050	468	      fibo	
0.00278	0.00021	0.00265	0.00478	   Digraph	050	468	       bin	
0.00175	0.00003	0.00171	0.00182	   Digraph	050	468	       vec	
0.00258	0.00022	0.00249	0.00467	   Digraph	050	469	      fibo	
0.00277	0.00004	0.00264	0.00286	   Digraph	050	469	       bin	
0.00175	0.00003	0.00170	0.00187	   Digraph	050	469	       vec	
0.00234	0.00005	0.00231	0.00270	   Digraph	050	470	      fibo	
0.00260	0.00003	0.00257	0.00278	   Digraph	050	470	       bin	
0.00174	0.00023	0.00168	0.00397	   Digraph	050	470	       vec	
0.00255	0.00008	0.00243	0.00286	   Digraph	050	471	      fibo	
0.00282	0.00022	0.00271	0.00488	   Digraph	050	471	       bin	
0.00174	0.00004	0.00170	0.00194	   Digraph	050	471	       vec	
0.00248	0.00022	0.00236	0.00458	   Digraph	050	472	      fibo	
0.00272	0.00004	0.00263	0.00283	   Digraph	050	472	       bin	
0.00175	0.00003	0.00170	0.00184	   Digraph	050	472	       vec	
0.00239	0.00005	0.00231	0.00270	   Digraph	050	473	      fibo	
0.00267	0.00004	0.00257	0.00279	   Digraph	050	473	       bin	
0.00174	0.00003	0.00169	0.00182	   Digraph	050	473	       vec	
0.00248	0.00041	0.00236	0.00649	   Digraph	050	474	      fibo	
0.00270	0.00004	0.00261	0.00276	   Digraph	050	474	       bin	
0.00177	0.00022	0.00170	0.00392	   Digraph	050	474	       vec	
0.00250	0.00006	0.00241	0.00280	   Digraph	050	475	      fibo	
0.00281	0.00023	0.00269	0.00502	   Digraph	050	475	       bin	
0.00177	0.00003	0.00173	0.00184	   Digraph	050	475	       vec	
0.00250	0.00022	0.00237	0.00446	   Digraph	050	476	      fibo	
0.00277	0.00021	0.00265	0.00481	   Digraph	050	476	       bin	
0.00176	0.00004	0.00171	0.00189	   Digraph	050	476	       vec	
0.00247	0.00022	0.00236	0.00456	   Digraph	050	477	      fibo	
0.00289	0.00103	0.00268	0.01313	   Digraph	050	477	       bin	
0.00176	0.00003	0.00172	0.00184	   Digraph	050	477	       vec	
0.00252	0.00032	0.00235	0.00453	   Digraph	050	478	      fibo	
0.00269	0.00003	0.00260	0.00279	   Digraph	050	478	       bin	
0.00176	0.00004	0.00171	0.00192	   Digraph	050	478	       vec	
0.00247	0.00013	0.00234	0.00332	   Digraph	050	479	      fibo	
0.00275	0.00008	0.00262	0.00314	   Digraph	050	479	       bin	
0.00175	0.00021	0.00168	0.00375	   Digraph	050	479	       vec	
0.00236	0.00007	0.00227	0.00265	   Digraph	050	480	      fibo	
0.00279	0.00023	0.00268	0.00496	   Digraph	050	480	       bin	
0.00174	0.00003	0.00170	0.00182	   Digraph	050	480	       vec	
0.00241	0.00008	0.00231	0.00286	   Digraph	050	481	      fibo	
0.00283	0.00021	0.00271	0.00485	   Digraph	050	481	       bin	
0.00176	0.00004	0.00172	0.00197	   Digraph	050	481	       vec	
0.00249	0.00022	0.00239	0.00454	   Digraph	050	482	      fibo	
0.00272	0.00004	0.00262	0.00277	   Digraph	050	482	       bin	
0.00176	0.00003	0.00171	0.00184	   Digraph	050	482	       vec	
0.00249	0.00022	0.00238	0.00462	   Digraph	050	483	      fibo	
0.00275	0.00004	0.00263	0.00282	   Digraph	050	483	       bin	
0.00176	0.00003	0.00172	0.00184	   Digraph	050	483	       vec	
0.00254	0.00016	0.00239	0.00334	   Digraph	050	484	      fibo	
0.00280	0.00006	0.00269	0.00308	   Digraph	050	484	       bin	
0.00177	0.00005	0.00172	0.00199	   Digraph	050	484	       vec	
0.00251	0.00008	0.00242	0.00285	   Digraph	050	485	      fibo	
0.00279	0.00021	0.00267	0.00478	   Digraph	050	485	       bin	
0.00177	0.00004	0.00172	0.00190	   Digraph	050	485	       vec	
0.00246	0.00022	0.00236	0.00453	   Digraph	050	486	      fibo	
0.00279	0.00004	0.00270	0.00287	   Digraph	050	486	       bin	
0.00175	0.00003	0.00172	0.00182	   Digraph	050	486	       vec	
0.00258	0.00021	0.00246	0.00461	   Digraph	050	487	      fibo	
0.00282	0.00004	0.00272	0.00287	   Digraph	050	487	       bin	
0.00178	0.00003	0.00173	0.00186	   Digraph	050	487	       vec	
0.00249	0.00022	0.00237	0.00458	   Digraph	050	488	      fibo	
0.00278	0.00009	0.00266	0.00321	   Digraph	050	488	       bin	
0.00181	0.00021	0.00172	0.00389	   Digraph	050	488	       vec	
0.00245	0.00009	0.00233	0.00286	   Digraph	050	489	      fibo	
0.00278	0.00023	0.00266	0.00500	   Digraph	050	489	       bin	
0.00176	0.00004	0.00172	0.00193	   Digraph	050	489	       vec	
0.00257	0.00007	0.00247	0.00291	   Digraph	050	490	      fibo	
0.00282	0.00022	0.00270	0.00487	   Digraph	050	490	       bin	
0.00177	0.00005	0.00172	0.00210	   Digraph	050	490	       vec	
0.00266	0.00024	0.00252	0.00470	   Digraph	050	491	      fibo	
0.00288	0.00007	0.00277	0.00326	   Digraph	050	491	       bin	
0.00178	0.00004	0.00174	0.00192	   Digraph	050	491	       vec	
0.00258	0.00026	0.00244	0.00496	   Digraph	050	492	      fibo	
0.00275	0.00006	0.00265	0.00311	   Digraph	050	492	       bin	
0.00178	0.00003	0.00173	0.00190	   Digraph	050	492	       vec	
0.00245	0.00005	0.00236	0.00267	   Digraph	050	493	      fibo	
0.00278	0.00021	0.00266	0.00480	   Digraph	050	493	       bin	
0.00177	0.00003	0.00172	0.00184	   Digraph	050	493	       vec	
0.00252	0.00014	0.00240	0.00330	   Digraph	050	494	      fibo	
0.00286	0.00022	0.00273	0.00492	   Digraph	050	494	       bin	
0.00178	0.00004	0.00173	0.00201	   Digraph	050	494	       vec	
0.00258	0.00026	0.00243	0.00494	   Digraph	050	495	      fibo	
0.00272	0.00007	0.00262	0.00301	   Digraph	050	495	       bin	
0.00176	0.00005	0.00172	0.00207	   Digraph	050	495	       vec	
0.00249	0.00024	0.00236	0.00464	   Digraph	050	496	      fibo	
0.00278	0.00010	0.00266	0.00349	   Digraph	050	496	       bin	
0.00176	0.00004	0.00172	0.00198	   Digraph	050	496	       vec	
0.00244	0.00010	0.00233	0.00286	   Digraph	050	497	      fibo	
0.00269	0.00004	0.00260	0.00285	   Digraph	050	497	       bin	
0.00180	0.00021	0.00172	0.00381	   Digraph	050	497	       vec	
0.00250	0.00007	0.00240	0.00284	   Digraph	050	498	      fibo	
0.00281	0.00023	0.00267	0.00497	   Digraph	050	498	       bin	
0.00175	0.00004	0.00171	0.00189	   Digraph	050	498	       vec	
0.00252	0.00005	0.00243	0.00278	   Digraph	050	499	      fibo	
0.00280	0.00021	0.00268	0.00483	   Digraph	050	499	       bin	
0.00178	0.00003	0.00174	0.00186	   Digraph	050	499	       vec	
0.00246	0.00022	0.00236	0.00455	   Digraph	050	500	      fibo	
0.00270	0.00009	0.00258	0.00307	   Digraph	050	500	       bin	
0.00175	0.00006	0.00170	0.00214	   Digraph	050	500	       vec	